3 1 460 70 371 513 -1 -1 -1 0 
4 1 460 70 372 513 -1 -1 -1 0 
5 1 460 69 372 514 -1 -1 -1 0 
6 1 459 69 376 516 -1 -1 -1 0 
7 1 460 69 375 517 -1 -1 -1 0 
8 1 459 69 378 516 -1 -1 -1 0 
9 1 460 69 376 515 -1 -1 -1 0 
10 1 461 71 373 513 -1 -1 -1 0 
11 1 460 71 374 512 -1 -1 -1 0 
12 1 461 71 373 512 -1 -1 -1 0 
13 1 461 71 374 512 -1 -1 -1 0 
14 1 460 71 375 511 -1 -1 -1 0 
15 1 461 70 374 512 -1 -1 -1 0 
16 1 460 70 375 513 -1 -1 -1 0 
17 1 459 70 377 513 -1 -1 -1 0 
18 1 461 70 374 513 -1 -1 -1 0 
19 1 459 70 377 513 -1 -1 -1 0 
20 1 459 70 378 512 -1 -1 -1 0 
21 1 460 70 376 512 -1 -1 -1 0 
22 1 461 71 374 510 -1 -1 -1 0 
23 1 461 71 374 511 -1 -1 -1 0 
24 1 462 72 372 510 -1 -1 -1 0 
25 1 461 71 374 510 -1 -1 -1 0 
26 1 461 71 373 510 -1 -1 -1 0 
27 1 461 71 373 509 -1 -1 -1 0 
28 1 461 72 374 508 -1 -1 -1 0 
29 1 462 71 373 509 -1 -1 -1 0 
30 1 462 71 370 509 -1 -1 -1 0 
31 1 461 71 372 508 -1 -1 -1 0 
32 1 462 71 370 508 -1 -1 -1 0 
33 1 463 72 368 507 -1 -1 -1 0 
34 1 463 72 367 507 -1 -1 -1 0 
35 1 462 72 369 506 -1 -1 -1 0 
36 1 462 72 370 507 -1 -1 -1 0 
37 1 462 72 370 507 -1 -1 -1 0 
38 1 461 72 371 507 -1 -1 -1 0 
39 1 461 72 371 507 -1 -1 -1 0 
40 1 462 72 370 506 -1 -1 -1 0 
41 1 462 72 370 506 -1 -1 -1 0 
42 1 460 73 373 505 -1 -1 -1 0 
43 1 461 73 371 505 -1 -1 -1 0 
44 1 461 73 372 505 -1 -1 -1 0 
45 1 462 73 370 505 -1 -1 -1 0 
46 1 461 74 371 503 -1 -1 -1 0 
47 1 462 73 370 505 -1 -1 -1 0 
48 1 463 73 368 506 -1 -1 -1 0 
49 1 462 73 370 506 -1 -1 -1 0 
50 1 463 72 367 507 -1 -1 -1 0 
51 1 462 72 370 508 -1 -1 -1 0 
52 1 463 72 368 508 -1 -1 -1 0 
53 1 462 71 370 509 -1 -1 -1 0 
54 1 463 71 368 509 -1 -1 -1 0 
55 1 462 71 370 509 -1 -1 -1 0 
56 1 462 71 370 509 -1 -1 -1 0 
57 1 463 71 369 509 -1 -1 -1 0 
58 1 464 72 366 508 -1 -1 -1 0 
59 1 462 72 369 507 -1 -1 -1 0 
60 1 464 73 365 506 -1 -1 -1 0 
61 1 462 73 368 506 -1 -1 -1 0 
62 1 462 73 369 506 -1 -1 -1 0 
63 1 462 73 369 506 -1 -1 -1 0 
64 1 462 73 370 506 -1 -1 -1 0 
65 1 463 73 369 506 -1 -1 -1 0 
66 1 463 73 369 506 -1 -1 -1 0 
67 1 463 73 369 506 -1 -1 -1 0 
68 1 462 73 370 506 -1 -1 -1 0 
69 1 462 73 370 506 -1 -1 -1 0 
70 1 463 74 369 505 -1 -1 -1 0 
71 1 463 74 369 505 -1 -1 -1 0 
72 1 463 74 368 505 -1 -1 -1 0 
73 1 462 74 370 506 -1 -1 -1 0 
74 1 461 74 372 506 -1 -1 -1 0 
75 1 462 74 370 507 -1 -1 -1 0 
76 1 462 75 370 505 -1 -1 -1 0 
77 1 462 75 370 505 -1 -1 -1 0 
78 1 463 76 367 503 -1 -1 -1 0 
79 1 463 76 367 503 -1 -1 -1 0 
80 1 463 76 367 503 -1 -1 -1 0 
81 1 462 76 368 502 -1 -1 -1 0 
82 1 462 76 370 503 -1 -1 -1 0 
83 1 463 76 368 503 -1 -1 -1 0 
84 1 462 76 370 503 -1 -1 -1 0 
85 1 463 75 368 504 -1 -1 -1 0 
86 1 462 75 370 504 -1 -1 -1 0 
87 1 463 75 368 504 -1 -1 -1 0 
88 1 462 75 369 503 -1 -1 -1 0 
89 1 463 75 368 503 -1 -1 -1 0 
90 1 462 76 369 501 -1 -1 -1 0 
91 1 462 76 370 501 -1 -1 -1 0 
92 1 463 76 367 503 -1 -1 -1 0 
93 1 463 76 368 503 -1 -1 -1 0 
94 1 462 76 370 505 -1 -1 -1 0 
95 1 461 75 372 505 -1 -1 -1 0 
96 1 461 75 372 507 -1 -1 -1 0 
97 1 460 75 373 507 -1 -1 -1 0 
98 1 461 75 371 504 -1 -1 -1 0 
99 1 461 75 371 504 -1 -1 -1 0 
100 1 461 74 371 505 -1 -1 -1 0 
101 1 461 74 371 505 -1 -1 -1 0 
102 1 461 74 372 505 -1 -1 -1 0 
103 1 463 74 369 505 -1 -1 -1 0 
104 1 462 74 370 505 -1 -1 -1 0 
105 1 463 74 368 505 -1 -1 -1 0 
106 1 462 74 370 505 -1 -1 -1 0 
107 1 462 73 371 505 -1 -1 -1 0 
108 1 461 73 372 506 -1 -1 -1 0 
109 1 462 73 371 506 -1 -1 -1 0 
110 1 462 73 371 506 -1 -1 -1 0 
111 1 463 73 368 506 -1 -1 -1 0 
112 1 462 73 369 507 -1 -1 -1 0 
113 1 461 73 372 507 -1 -1 -1 0 
114 1 459 73 377 507 -1 -1 -1 0 
115 1 460 73 375 507 -1 -1 -1 0 
116 1 461 72 374 508 -1 -1 -1 0 
117 1 460 74 375 506 -1 -1 -1 0 
118 1 460 74 376 506 -1 -1 -1 0 
119 1 459 74 377 506 -1 -1 -1 0 
120 1 460 74 375 506 -1 -1 -1 0 
121 1 461 74 373 506 -1 -1 -1 0 
122 1 459 73 377 505 -1 -1 -1 0 
123 1 460 73 375 505 -1 -1 -1 0 
124 1 461 72 373 506 -1 -1 -1 0 
125 1 461 72 373 506 -1 -1 -1 0 
126 1 460 73 374 505 -1 -1 -1 0 
127 1 461 73 372 505 -1 -1 -1 0 
128 1 461 73 372 505 -1 -1 -1 0 
129 1 461 73 371 505 -1 -1 -1 0 
130 1 461 74 371 504 -1 -1 -1 0 
131 1 461 73 370 505 -1 -1 -1 0 
132 1 461 73 370 505 -1 -1 -1 0 
133 1 461 73 369 506 -1 -1 -1 0 
134 1 460 73 371 505 -1 -1 -1 0 
135 1 460 73 371 505 -1 -1 -1 0 
136 1 461 72 371 508 -1 -1 -1 0 
137 1 460 72 372 508 -1 -1 -1 0 
138 1 460 74 370 506 -1 -1 -1 0 
139 1 458 74 374 506 -1 -1 -1 0 
140 1 460 74 370 506 -1 -1 -1 0 
141 1 458 74 373 506 -1 -1 -1 0 
142 1 459 74 371 506 -1 -1 -1 0 
143 1 459 74 372 506 -1 -1 -1 0 
144 1 460 73 370 508 -1 -1 -1 0 
145 1 458 73 374 508 -1 -1 -1 0 
146 1 459 73 372 508 -1 -1 -1 0 
147 1 458 73 374 508 -1 -1 -1 0 
148 1 459 73 373 508 -1 -1 -1 0 
149 1 459 73 372 508 -1 -1 -1 0 
150 1 459 73 373 509 -1 -1 -1 0 
151 1 458 72 376 510 -1 -1 -1 0 
152 1 457 72 379 508 -1 -1 -1 0 
153 1 459 68 377 511 -1 -1 -1 0 
154 1 459 68 378 511 -1 -1 -1 0 
155 1 459 68 378 513 -1 -1 -1 0 
156 1 460 70 377 512 -1 -1 -1 0 
157 1 461 69 376 513 -1 -1 -1 0 
158 1 462 69 373 512 -1 -1 -1 0 
159 1 462 69 373 512 -1 -1 -1 0 
160 1 461 70 373 510 -1 -1 -1 0 
161 1 463 70 369 511 -1 -1 -1 0 
162 1 462 70 371 510 -1 -1 -1 0 
163 1 462 70 371 510 -1 -1 -1 0 
164 1 461 70 372 510 -1 -1 -1 0 
165 1 462 70 371 511 -1 -1 -1 0 
166 1 461 70 372 511 -1 -1 -1 0 
167 1 461 70 372 511 -1 -1 -1 0 
168 1 462 71 369 508 -1 -1 -1 0 
169 1 463 71 368 508 -1 -1 -1 0 
170 1 463 71 368 510 -1 -1 -1 0 
171 1 463 72 369 509 -1 -1 -1 0 
172 1 463 72 368 508 -1 -1 -1 0 
173 1 464 72 366 508 -1 -1 -1 0 
174 1 464 73 365 507 -1 -1 -1 0 
175 1 464 73 365 506 -1 -1 -1 0 
176 1 464 74 364 505 -1 -1 -1 0 
177 1 463 74 367 507 -1 -1 -1 0 
178 1 463 74 366 508 -1 -1 -1 0 
179 1 463 74 366 508 -1 -1 -1 0 
180 1 463 74 364 510 -1 -1 -1 0 
181 1 462 73 366 511 -1 -1 -1 0 
182 1 462 73 367 512 -1 -1 -1 0 
183 1 462 73 367 512 -1 -1 -1 0 
184 1 462 73 368 513 -1 -1 -1 0 
185 1 462 73 368 513 -1 -1 -1 0 
186 1 461 74 370 511 -1 -1 -1 0 
187 1 462 74 368 511 -1 -1 -1 0 
188 1 463 73 367 512 -1 -1 -1 0 
189 1 461 73 370 511 -1 -1 -1 0 
190 1 461 74 368 508 -1 -1 -1 0 
191 1 461 74 368 508 -1 -1 -1 0 
192 1 460 75 370 507 -1 -1 -1 0 
193 1 461 76 368 506 -1 -1 -1 0 
194 1 461 75 368 508 -1 -1 -1 0 
195 1 461 74 368 509 -1 -1 -1 0 
196 1 460 74 371 510 -1 -1 -1 0 
197 1 461 74 368 510 -1 -1 -1 0 
198 1 461 74 367 510 -1 -1 -1 0 
199 1 460 76 369 508 -1 -1 -1 0 
200 1 460 75 370 509 -1 -1 -1 0 
201 1 461 74 369 510 -1 -1 -1 0 
202 1 460 74 371 511 -1 -1 -1 0 
203 1 461 74 368 510 -1 -1 -1 0 
204 1 461 74 368 510 -1 -1 -1 0 
205 1 460 76 370 508 -1 -1 -1 0 
206 1 461 75 369 509 -1 -1 -1 0 
207 1 461 74 369 509 -1 -1 -1 0 
208 1 460 74 370 509 -1 -1 -1 0 
209 1 461 74 369 509 -1 -1 -1 0 
210 1 460 75 370 508 -1 -1 -1 0 
211 1 462 73 367 509 -1 -1 -1 0 
212 1 459 73 373 509 -1 -1 -1 0 
213 1 460 73 371 508 -1 -1 -1 0 
214 1 460 73 371 508 -1 -1 -1 0 
215 1 459 73 374 506 -1 -1 -1 0 
216 1 459 73 374 506 -1 -1 -1 0 
217 1 460 73 371 506 -1 -1 -1 0 
218 1 459 73 374 507 -1 -1 -1 0 
219 1 459 74 375 506 -1 -1 -1 0 
220 1 460 74 373 505 -1 -1 -1 0 
221 1 459 74 374 505 -1 -1 -1 0 
222 1 459 74 374 505 -1 -1 -1 0 
223 1 458 74 375 505 -1 -1 -1 0 
224 1 459 74 374 504 -1 -1 -1 0 
225 1 459 74 374 504 -1 -1 -1 0 
226 1 458 74 374 503 -1 -1 -1 0 
227 1 459 74 371 501 -1 -1 -1 0 
228 1 459 73 371 503 -1 -1 -1 0 
229 1 458 73 372 504 -1 -1 -1 0 
230 1 457 73 374 504 -1 -1 -1 0 
231 1 457 73 374 504 -1 -1 -1 0 
232 1 458 74 373 503 -1 -1 -1 0 
233 1 458 74 373 502 -1 -1 -1 0 
234 1 459 75 371 502 -1 -1 -1 0 
235 1 459 75 371 502 -1 -1 -1 0 
236 1 458 75 372 501 -1 -1 -1 0 
237 1 458 74 371 502 -1 -1 -1 0 
238 1 457 74 373 503 -1 -1 -1 0 
239 1 457 74 373 503 -1 -1 -1 0 
240 1 458 74 372 503 -1 -1 -1 0 
241 1 458 73 373 505 -1 -1 -1 0 
242 1 458 74 373 504 -1 -1 -1 0 
243 1 459 74 370 504 -1 -1 -1 0 
244 1 459 73 372 505 -1 -1 -1 0 
245 1 459 75 371 503 -1 -1 -1 0 
246 1 457 75 378 503 -1 -1 -1 0 
247 1 458 70 373 508 -1 -1 -1 0 
248 1 457 68 371 509 -1 -1 -1 0 
249 1 458 66 366 510 -1 -1 -1 0 
250 1 456 63 361 512 -1 -1 -1 0 
251 1 458 63 352 512 -1 -1 -1 0 
252 1 458 62 351 508 -1 -1 -1 0 
253 1 459 59 351 508 -1 -1 -1 0 
254 1 458 55 357 517 -1 -1 -1 0 
255 1 455 57 367 513 -1 -1 -1 0 
256 1 460 54 360 520 -1 -1 -1 0 
257 1 461 57 360 516 -1 -1 -1 0 
258 1 460 59 362 510 -1 -1 -1 0 
259 1 462 57 359 512 -1 -1 -1 0 
260 1 463 58 361 506 -1 -1 -1 0 
261 1 464 59 360 502 -1 -1 -1 0 
262 1 468 61 356 502 -1 -1 -1 0 
263 1 472 61 352 504 -1 -1 -1 0 
264 1 476 62 350 505 -1 -1 -1 0 
265 1 477 61 350 506 -1 -1 -1 0 
266 1 480 63 344 496 -1 -1 -1 0 
267 1 483 65 341 491 -1 -1 -1 0 
268 1 486 65 338 489 -1 -1 -1 0 
269 1 489 64 336 491 -1 -1 -1 0 
270 1 491 66 335 488 -1 -1 -1 0 
271 1 493 63 331 496 -1 -1 -1 0 
272 1 491 61 334 498 -1 -1 -1 0 
273 1 488 61 337 498 -1 -1 -1 0 
274 1 489 59 339 502 -1 -1 -1 0 
275 1 488 61 341 499 -1 -1 -1 0 
276 1 488 63 335 498 -1 -1 -1 0 
277 1 487 62 333 495 -1 -1 -1 0 
278 1 485 64 334 491 -1 -1 -1 0 
279 1 485 64 333 489 -1 -1 -1 0 
280 1 484 68 334 487 -1 -1 -1 0 
281 1 485 71 331 485 -1 -1 -1 0 
282 1 484 72 332 483 -1 -1 -1 0 
283 1 486 71 329 484 -1 -1 -1 0 
284 1 487 71 327 484 -1 -1 -1 0 
285 1 486 74 327 480 -1 -1 -1 0 
286 1 487 75 325 481 -1 -1 -1 0 
287 1 486 76 326 475 -1 -1 -1 0 
288 1 487 76 321 476 -1 -1 -1 0 
289 1 485 77 324 473 -1 -1 -1 0 
290 1 486 77 322 473 -1 -1 -1 0 
291 1 486 77 322 473 -1 -1 -1 0 
292 1 486 78 320 471 -1 -1 -1 0 
293 1 485 78 319 470 -1 -1 -1 0 
294 1 485 78 318 470 -1 -1 -1 0 
295 1 483 77 320 472 -1 -1 -1 0 
296 1 482 78 321 471 -1 -1 -1 0 
297 1 481 78 322 471 -1 -1 -1 0 
298 1 481 79 320 470 -1 -1 -1 0 
299 1 480 79 320 470 -1 -1 -1 0 
300 1 479 78 322 473 -1 -1 -1 0 
301 1 479 78 322 473 -1 -1 -1 0 
302 1 478 77 325 476 -1 -1 -1 0 
303 1 478 76 324 478 -1 -1 -1 0 
304 1 476 77 328 477 -1 -1 -1 0 
305 1 476 77 328 477 -1 -1 -1 0 
306 1 475 77 330 477 -1 -1 -1 0 
307 1 475 77 330 477 -1 -1 -1 0 
308 1 473 77 334 477 -1 -1 -1 0 
309 1 473 77 337 478 -1 -1 -1 0 
310 1 473 77 339 480 -1 -1 -1 0 
311 1 474 79 339 476 -1 -1 -1 0 
312 1 473 78 339 476 -1 -1 -1 0 
313 1 470 77 343 479 -1 -1 -1 0 
314 1 471 79 338 478 -1 -1 -1 0 
315 1 466 82 344 477 -1 -1 -1 0 
316 1 466 82 342 476 -1 -1 -1 0 
317 1 458 84 345 471 -1 -1 -1 0 
318 1 451 85 350 470 -1 -1 -1 0 
319 1 444 84 353 478 -1 -1 -1 0 
320 1 440 82 351 482 -1 -1 -1 0 
321 1 427 82 366 479 -1 -1 -1 0 
