4 2 450 110 287 394 -1 -1 -1 0 
5 2 457 129 295 375 -1 -1 -1 0 
6 2 499 157 270 366 -1 -1 -1 0 
7 2 509 165 263 364 -1 -1 -1 0 
8 2 508 170 270 354 -1 -1 -1 0 
9 2 506 168 272 354 -1 -1 -1 0 
10 2 491 166 277 350 -1 -1 -1 0 
11 2 483 169 276 343 -1 -1 -1 0 
15 2 485 166 263 342 -1 -1 -1 0 
16 2 484 171 268 328 -1 -1 -1 0 
17 2 493 175 254 325 -1 -1 -1 0 
18 2 501 165 260 351 -1 -1 -1 0 
19 2 494 164 264 352 -1 -1 -1 0 
20 2 484 154 274 367 -1 -1 -1 0 
21 2 468 162 307 335 -1 -1 -1 0 
24 2 463 165 337 324 -1 -1 -1 0 
25 2 484 160 332 339 -1 -1 -1 0 
