3 1 707 108 257 268 -1 -1 -1 0 
3 2 87 107 232 250 -1 -1 -1 0 
3 3 1441 119 127 245 -1 -1 -1 0 
4 1 707 109 262 264 -1 -1 -1 0 
4 2 82 98 244 259 -1 -1 -1 0 
4 3 1443 118 127 245 -1 -1 -1 0 
5 1 710 109 260 264 -1 -1 -1 0 
5 2 83 89 246 269 -1 -1 -1 0 
6 1 717 111 253 258 -1 -1 -1 0 
6 2 89 88 248 269 -1 -1 -1 0 
7 1 722 110 250 256 -1 -1 -1 0 
7 2 82 87 261 273 -1 -1 -1 0 
8 1 729 109 242 257 -1 -1 -1 0 
8 2 95 100 255 256 -1 -1 -1 0 
9 1 731 108 243 258 -1 -1 -1 0 
9 2 129 108 218 238 -1 -1 -1 0 
10 1 732 104 253 260 -1 -1 -1 0 
10 2 149 104 201 245 -1 -1 -1 0 
11 1 736 105 253 260 -1 -1 -1 0 
11 2 149 111 217 242 -1 -1 -1 0 
12 1 739 104 255 264 -1 -1 -1 0 
12 2 149 115 225 248 -1 -1 -1 0 
13 1 744 100 252 270 -1 -1 -1 0 
13 2 142 120 244 246 -1 -1 -1 0 
14 1 746 99 254 271 -1 -1 -1 0 
14 2 147 122 242 248 -1 -1 -1 0 
15 1 749 99 254 272 -1 -1 -1 0 
15 2 174 122 210 248 -1 -1 -1 0 
16 1 753 98 252 274 -1 -1 -1 0 
16 2 182 125 217 244 -1 -1 -1 0 
17 1 754 95 256 280 -1 -1 -1 0 
17 2 183 125 229 246 -1 -1 -1 0 
18 1 755 91 259 286 -1 -1 -1 0 
18 2 182 127 237 250 -1 -1 -1 0 
19 1 755 94 264 286 -1 -1 -1 0 
19 2 184 130 242 249 -1 -1 -1 0 
20 1 759 98 257 284 -1 -1 -1 0 
20 2 186 133 246 249 -1 -1 -1 0 
21 1 760 103 255 281 -1 -1 -1 0 
21 2 193 137 243 249 -1 -1 -1 0 
22 1 760 106 256 277 -1 -1 -1 0 
22 2 208 141 228 243 -1 -1 -1 0 
23 1 761 103 255 283 -1 -1 -1 0 
23 2 205 143 236 247 -1 -1 -1 0 
24 1 759 104 259 286 -1 -1 -1 0 
24 2 207 149 237 249 -1 -1 -1 0 
25 1 758 104 260 288 -1 -1 -1 0 
25 2 202 155 248 250 -1 -1 -1 0 
26 1 759 104 257 289 -1 -1 -1 0 
26 2 216 160 233 247 -1 -1 -1 0 
27 1 759 111 254 284 -1 -1 -1 0 
27 2 234 161 214 253 -1 -1 -1 0 
28 1 757 113 255 284 -1 -1 -1 0 
28 2 250 164 196 253 -1 -1 -1 0 
29 1 753 114 262 286 -1 -1 -1 0 
29 2 257 161 190 254 -1 -1 -1 0 
30 1 749 116 265 286 -1 -1 -1 0 
30 2 260 164 192 252 -1 -1 -1 0 
31 1 749 117 262 287 -1 -1 -1 0 
31 2 256 169 200 247 -1 -1 -1 0 
32 1 748 118 260 288 -1 -1 -1 0 
32 2 264 171 187 248 -1 -1 -1 0 
33 1 745 121 260 287 -1 -1 -1 0 
33 2 272 174 173 247 -1 -1 -1 0 
34 1 739 120 264 292 -1 -1 -1 0 
34 2 275 177 166 245 -1 -1 -1 0 
35 1 737 123 262 293 -1 -1 -1 0 
35 2 281 175 154 250 -1 -1 -1 0 
36 1 739 123 256 296 -1 -1 -1 0 
36 2 282 178 150 245 -1 -1 -1 0 
37 1 738 124 255 297 -1 -1 -1 0 
37 2 284 179 145 242 -1 -1 -1 0 
38 1 738 125 254 298 -1 -1 -1 0 
38 2 273 182 158 243 -1 -1 -1 0 
39 1 735 126 259 298 -1 -1 -1 0 
39 2 271 184 158 242 -1 -1 -1 0 
40 1 736 125 259 299 -1 -1 -1 0 
40 2 269 190 159 232 -1 -1 -1 0 
41 1 734 125 265 298 -1 -1 -1 0 
41 2 271 192 154 225 -1 -1 -1 0 
42 1 738 124 261 294 -1 -1 -1 0 
42 2 268 191 155 225 -1 -1 -1 0 
43 1 745 122 257 290 -1 -1 -1 0 
43 2 254 189 173 227 -1 -1 -1 0 
44 1 748 121 257 288 -1 -1 -1 0 
44 2 248 187 176 226 -1 -1 -1 0 
45 1 747 120 264 289 -1 -1 -1 0 
45 2 244 187 175 224 -1 -1 -1 0 
46 1 751 120 262 290 -1 -1 -1 0 
46 2 231 184 186 234 -1 -1 -1 0 
47 1 752 121 267 291 -1 -1 -1 0 
47 2 227 183 185 249 -1 -1 -1 0 
48 1 757 121 265 295 -1 -1 -1 0 
48 2 224 183 187 254 -1 -1 -1 0 
49 1 760 120 265 297 -1 -1 -1 0 
49 2 220 182 188 256 -1 -1 -1 0 
50 1 767 121 258 298 -1 -1 -1 0 
50 2 212 184 198 254 -1 -1 -1 0 
51 1 774 120 253 299 -1 -1 -1 0 
51 2 208 188 197 249 -1 -1 -1 0 
52 1 780 118 252 304 -1 -1 -1 0 
52 2 212 192 189 243 -1 -1 -1 0 
53 1 784 118 251 305 -1 -1 -1 0 
53 2 209 190 197 240 -1 -1 -1 0 
54 1 786 118 253 303 -1 -1 -1 0 
54 2 208 185 200 240 -1 -1 -1 0 
54 4 1453 146 121 247 -1 -1 -1 0 
55 1 785 121 260 298 -1 -1 -1 0 
55 2 205 180 205 245 -1 -1 -1 0 
55 4 1453 146 123 242 -1 -1 -1 0 
56 1 789 119 260 298 -1 -1 -1 0 
56 2 205 178 206 245 -1 -1 -1 0 
56 4 1458 150 116 236 -1 -1 -1 0 
57 1 791 119 261 297 -1 -1 -1 0 
57 2 206 180 207 249 -1 -1 -1 0 
57 4 1457 153 120 234 -1 -1 -1 0 
58 1 795 119 258 294 -1 -1 -1 0 
58 2 215 180 192 256 -1 -1 -1 0 
58 4 1458 147 121 245 -1 -1 -1 0 
59 1 803 118 249 297 -1 -1 -1 0 
59 2 227 175 176 262 -1 -1 -1 0 
59 4 1461 145 117 251 -1 -1 -1 0 
60 1 802 117 255 302 -1 -1 -1 0 
60 2 221 168 185 272 -1 -1 -1 0 
60 4 1464 142 118 262 -1 -1 -1 0 
61 1 804 117 255 300 -1 -1 -1 0 
61 2 221 166 187 270 -1 -1 -1 0 
61 4 1466 140 120 266 -1 -1 -1 0 
62 1 809 117 251 300 -1 -1 -1 0 
62 2 229 165 182 263 -1 -1 -1 0 
62 4 1464 145 127 261 -1 -1 -1 0 
63 1 807 116 255 301 -1 -1 -1 0 
63 2 246 164 167 255 -1 -1 -1 0 
63 4 1466 146 126 259 -1 -1 -1 0 
64 1 808 114 255 302 -1 -1 -1 0 
64 2 268 165 143 248 -1 -1 -1 0 
64 4 1466 144 125 261 -1 -1 -1 0 
65 1 809 114 254 302 -1 -1 -1 0 
65 2 269 162 149 247 -1 -1 -1 0 
65 4 1466 149 127 250 -1 -1 -1 0 
66 1 811 112 253 304 -1 -1 -1 0 
66 2 274 160 146 251 -1 -1 -1 0 
66 4 1468 150 129 244 -1 -1 -1 0 
67 1 811 111 255 303 -1 -1 -1 0 
67 2 279 163 143 250 -1 -1 -1 0 
67 4 1471 148 128 246 -1 -1 -1 0 
68 1 811 109 255 308 -1 -1 -1 0 
68 2 272 162 155 263 -1 -1 -1 0 
68 4 1474 147 129 251 -1 -1 -1 0 
69 1 808 109 259 309 -1 -1 -1 0 
69 2 265 162 166 275 -1 -1 -1 0 
69 4 1472 147 137 253 -1 -1 -1 0 
70 1 808 108 258 306 -1 -1 -1 0 
70 2 265 160 166 278 -1 -1 -1 0 
70 4 1472 149 140 251 -1 -1 -1 0 
71 1 812 108 251 308 -1 -1 -1 0 
71 2 265 161 170 277 -1 -1 -1 0 
71 4 1473 150 140 248 -1 -1 -1 0 
72 1 808 109 257 305 -1 -1 -1 0 
72 2 267 162 170 272 -1 -1 -1 0 
72 4 1474 152 141 243 -1 -1 -1 0 
73 1 803 109 262 302 -1 -1 -1 0 
73 2 269 160 169 281 -1 -1 -1 0 
73 4 1476 151 141 242 -1 -1 -1 0 
74 1 802 109 261 302 -1 -1 -1 0 
74 2 272 159 170 278 -1 -1 -1 0 
74 4 1476 152 141 240 -1 -1 -1 0 
75 1 803 107 258 301 -1 -1 -1 0 
75 2 272 158 173 276 -1 -1 -1 0 
75 4 1477 151 137 240 -1 -1 -1 0 
76 1 804 107 255 299 -1 -1 -1 0 
76 2 270 161 181 266 -1 -1 -1 0 
76 4 1478 151 134 239 -1 -1 -1 0 
77 1 804 107 255 296 -1 -1 -1 0 
77 2 268 162 186 264 -1 -1 -1 0 
77 4 1477 151 135 237 -1 -1 -1 0 
78 1 804 107 255 295 -1 -1 -1 0 
78 2 267 166 191 257 -1 -1 -1 0 
78 4 1476 149 135 238 -1 -1 -1 0 
79 1 806 105 254 296 -1 -1 -1 0 
79 2 276 166 179 254 -1 -1 -1 0 
79 4 1473 149 137 237 -1 -1 -1 0 
80 1 812 106 245 299 -1 -1 -1 0 
80 2 271 165 186 258 -1 -1 -1 0 
80 4 1471 149 137 237 -1 -1 -1 0 
81 1 812 105 248 297 -1 -1 -1 0 
81 2 268 164 192 257 -1 -1 -1 0 
81 4 1472 151 133 234 -1 -1 -1 0 
82 1 811 103 252 295 -1 -1 -1 0 
82 2 272 164 190 255 -1 -1 -1 0 
82 4 1472 152 134 233 -1 -1 -1 0 
83 1 809 100 259 292 -1 -1 -1 0 
83 2 262 162 207 258 -1 -1 -1 0 
83 4 1471 154 135 232 -1 -1 -1 0 
84 1 807 101 260 286 -1 -1 -1 0 
84 2 268 160 198 260 -1 -1 -1 0 
84 4 1468 154 139 234 -1 -1 -1 0 
85 1 806 101 258 283 -1 -1 -1 0 
85 2 275 158 192 260 -1 -1 -1 0 
85 4 1467 155 139 232 -1 -1 -1 0 
86 1 806 103 255 281 -1 -1 -1 0 
86 2 279 160 192 257 -1 -1 -1 0 
86 4 1465 156 139 233 -1 -1 -1 0 
87 1 803 104 261 280 -1 -1 -1 0 
87 2 283 159 188 257 -1 -1 -1 0 
87 4 1463 158 140 231 -1 -1 -1 0 
88 1 805 102 260 285 -1 -1 -1 0 
88 2 281 159 194 259 -1 -1 -1 0 
88 4 1464 157 133 231 -1 -1 -1 0 
89 1 804 98 265 290 -1 -1 -1 0 
89 2 292 160 181 259 -1 -1 -1 0 
89 4 1462 155 134 231 -1 -1 -1 0 
90 1 803 98 270 291 -1 -1 -1 0 
90 2 302 158 171 262 -1 -1 -1 0 
90 4 1460 153 138 233 -1 -1 -1 0 
91 1 800 97 280 293 -1 -1 -1 0 
91 2 300 157 178 261 -1 -1 -1 0 
91 4 1460 151 136 236 -1 -1 -1 0 
92 1 799 94 283 296 -1 -1 -1 0 
92 2 288 161 198 262 -1 -1 -1 0 
92 4 1457 153 140 234 -1 -1 -1 0 
93 1 798 93 286 299 -1 -1 -1 0 
93 2 294 163 191 264 -1 -1 -1 0 
93 4 1456 153 139 233 -1 -1 -1 0 
94 1 796 92 290 300 -1 -1 -1 0 
94 2 293 164 195 266 -1 -1 -1 0 
94 4 1455 153 136 233 -1 -1 -1 0 
95 1 796 93 292 298 -1 -1 -1 0 
95 2 295 168 198 263 -1 -1 -1 0 
95 4 1453 154 138 234 -1 -1 -1 0 
96 1 798 96 290 297 -1 -1 -1 0 
96 2 296 169 199 263 -1 -1 -1 0 
96 4 1451 151 140 238 -1 -1 -1 0 
97 1 797 97 293 296 -1 -1 -1 0 
97 2 297 165 209 265 -1 -1 -1 0 
97 4 1450 151 140 238 -1 -1 -1 0 
98 1 799 99 293 293 -1 -1 -1 0 
98 2 298 166 215 261 -1 -1 -1 0 
98 4 1449 151 142 238 -1 -1 -1 0 
99 1 802 99 291 292 -1 -1 -1 0 
99 2 298 170 218 256 -1 -1 -1 0 
99 4 1449 151 143 238 -1 -1 -1 0 
100 1 802 100 292 290 -1 -1 -1 0 
100 2 283 173 236 257 -1 -1 -1 0 
100 4 1451 152 137 237 -1 -1 -1 0 
101 1 805 100 290 288 -1 -1 -1 0 
101 2 276 173 242 261 -1 -1 -1 0 
101 4 1451 154 137 235 -1 -1 -1 0 
102 1 806 99 290 286 -1 -1 -1 0 
102 2 272 174 246 258 -1 -1 -1 0 
102 4 1452 154 137 234 -1 -1 -1 0 
103 1 806 98 290 287 -1 -1 -1 0 
103 2 273 172 245 259 -1 -1 -1 0 
103 4 1452 152 137 238 -1 -1 -1 0 
104 1 805 98 291 287 -1 -1 -1 0 
104 2 272 171 249 255 -1 -1 -1 0 
104 4 1452 154 137 234 -1 -1 -1 0 
105 1 809 98 285 287 -1 -1 -1 0 
105 2 273 170 247 253 -1 -1 -1 0 
105 4 1453 153 132 232 -1 -1 -1 0 
106 1 810 98 285 286 -1 -1 -1 0 
106 2 279 171 240 252 -1 -1 -1 0 
106 4 1451 153 133 228 -1 -1 -1 0 
107 1 814 96 281 288 -1 -1 -1 0 
107 2 281 171 237 253 -1 -1 -1 0 
107 4 1452 149 131 230 -1 -1 -1 0 
108 1 813 98 284 286 -1 -1 -1 0 
108 2 288 169 228 252 -1 -1 -1 0 
108 4 1451 148 130 227 -1 -1 -1 0 
109 1 812 97 286 287 -1 -1 -1 0 
109 2 287 167 228 250 -1 -1 -1 0 
109 4 1451 144 128 228 -1 -1 -1 0 
110 1 813 97 284 287 -1 -1 -1 0 
110 2 279 163 235 253 -1 -1 -1 0 
110 4 1452 142 125 228 -1 -1 -1 0 
111 1 814 96 282 287 -1 -1 -1 0 
111 2 287 161 224 257 -1 -1 -1 0 
111 4 1450 138 129 232 -1 -1 -1 0 
112 1 813 96 282 286 -1 -1 -1 0 
112 2 302 158 206 256 -1 -1 -1 0 
112 4 1449 137 130 232 -1 -1 -1 0 
113 1 813 95 281 286 -1 -1 -1 0 
113 2 311 155 193 256 -1 -1 -1 0 
113 4 1448 128 134 242 -1 -1 -1 0 
114 1 813 96 280 285 -1 -1 -1 0 
114 2 308 154 198 257 -1 -1 -1 0 
114 4 1446 123 137 247 -1 -1 -1 0 
115 1 814 91 279 288 -1 -1 -1 0 
115 2 304 159 204 252 -1 -1 -1 0 
115 4 1445 121 137 245 -1 -1 -1 0 
116 1 812 87 282 291 -1 -1 -1 0 
116 2 302 158 203 252 -1 -1 -1 0 
116 4 1444 116 136 245 -1 -1 -1 0 
117 1 810 84 288 291 -1 -1 -1 0 
117 2 300 157 208 248 -1 -1 -1 0 
117 4 1443 116 136 244 -1 -1 -1 0 
118 1 810 83 288 291 -1 -1 -1 0 
118 2 297 154 215 248 -1 -1 -1 0 
118 4 1441 117 137 238 -1 -1 -1 0 
119 1 812 82 287 293 -1 -1 -1 0 
119 2 297 149 213 254 -1 -1 -1 0 
119 4 1441 115 135 235 -1 -1 -1 0 
120 1 813 80 286 293 -1 -1 -1 0 
120 2 299 145 208 258 -1 -1 -1 0 
120 4 1440 113 138 235 -1 -1 -1 0 
121 1 813 80 288 293 -1 -1 -1 0 
121 2 286 143 224 256 -1 -1 -1 0 
121 4 1440 112 139 232 -1 -1 -1 0 
122 1 814 79 285 293 -1 -1 -1 0 
122 2 292 141 213 264 -1 -1 -1 0 
122 4 1442 110 135 232 -1 -1 -1 0 
123 1 813 78 286 292 -1 -1 -1 0 
123 2 299 139 211 262 -1 -1 -1 0 
123 4 1441 110 136 231 -1 -1 -1 0 
124 1 811 79 290 286 -1 -1 -1 0 
124 2 306 138 205 256 -1 -1 -1 0 
124 4 1441 110 137 229 -1 -1 -1 0 
125 1 812 79 286 284 -1 -1 -1 0 
125 2 313 134 196 259 -1 -1 -1 0 
125 4 1442 110 136 229 -1 -1 -1 0 
126 1 815 78 282 286 -1 -1 -1 0 
126 2 316 133 193 260 -1 -1 -1 0 
126 4 1443 113 134 226 -1 -1 -1 0 
127 1 815 78 282 287 -1 -1 -1 0 
127 2 322 132 186 261 -1 -1 -1 0 
127 4 1443 114 135 226 -1 -1 -1 0 
128 1 816 79 283 287 -1 -1 -1 0 
128 2 324 130 185 264 -1 -1 -1 0 
128 4 1442 116 138 227 -1 -1 -1 0 
129 1 816 78 284 287 -1 -1 -1 0 
129 2 322 128 188 275 -1 -1 -1 0 
129 4 1443 119 137 225 -1 -1 -1 0 
130 1 816 77 285 287 -1 -1 -1 0 
130 2 317 128 196 279 -1 -1 -1 0 
130 4 1443 119 139 224 -1 -1 -1 0 
131 1 816 78 286 288 -1 -1 -1 0 
131 2 310 127 207 281 -1 -1 -1 0 
131 4 1447 119 136 224 -1 -1 -1 0 
132 1 817 82 288 284 -1 -1 -1 0 
132 2 320 126 193 277 -1 -1 -1 0 
132 4 1447 119 136 218 -1 -1 -1 0 
133 1 820 79 282 289 -1 -1 -1 0 
133 2 326 125 187 279 -1 -1 -1 0 
133 4 1448 119 134 216 -1 -1 -1 0 
134 1 819 83 288 279 -1 -1 -1 0 
134 2 321 124 195 281 -1 -1 -1 0 
134 4 1449 119 132 215 -1 -1 -1 0 
135 1 821 83 286 276 -1 -1 -1 0 
135 2 321 123 196 282 -1 -1 -1 0 
135 4 1448 119 133 218 -1 -1 -1 0 
136 1 825 83 280 275 -1 -1 -1 0 
136 2 313 125 206 282 -1 -1 -1 0 
136 4 1447 119 134 222 -1 -1 -1 0 
137 1 828 84 279 272 -1 -1 -1 0 
137 2 315 125 203 281 -1 -1 -1 0 
137 4 1447 120 134 223 -1 -1 -1 0 
138 1 828 84 280 270 -1 -1 -1 0 
138 2 311 124 208 279 -1 -1 -1 0 
138 4 1447 122 132 224 -1 -1 -1 0 
139 1 830 81 277 274 -1 -1 -1 0 
139 2 314 124 205 275 -1 -1 -1 0 
139 4 1448 123 129 225 -1 -1 -1 0 
140 1 829 81 278 274 -1 -1 -1 0 
140 2 316 123 202 279 -1 -1 -1 0 
140 4 1448 124 129 227 -1 -1 -1 0 
141 1 828 80 280 275 -1 -1 -1 0 
141 2 314 123 205 280 -1 -1 -1 0 
141 4 1448 125 130 225 -1 -1 -1 0 
142 1 828 81 281 274 -1 -1 -1 0 
142 2 311 124 209 278 -1 -1 -1 0 
142 4 1450 124 129 229 -1 -1 -1 0 
143 1 827 85 284 268 -1 -1 -1 0 
143 2 315 122 204 285 -1 -1 -1 0 
143 4 1450 122 131 233 -1 -1 -1 0 
144 1 829 86 283 266 -1 -1 -1 0 
144 2 322 120 195 289 -1 -1 -1 0 
144 4 1451 123 130 233 -1 -1 -1 0 
145 1 830 86 281 265 -1 -1 -1 0 
145 2 324 120 195 289 -1 -1 -1 0 
145 4 1451 124 130 233 -1 -1 -1 0 
146 1 829 88 283 262 -1 -1 -1 0 
146 2 328 119 192 286 -1 -1 -1 0 
146 4 1452 124 126 233 -1 -1 -1 0 
147 1 831 86 279 266 -1 -1 -1 0 
147 2 329 119 191 288 -1 -1 -1 0 
147 4 1452 124 126 232 -1 -1 -1 0 
148 1 830 84 279 269 -1 -1 -1 0 
148 2 330 120 189 288 -1 -1 -1 0 
148 4 1454 122 122 234 -1 -1 -1 0 
149 1 831 82 276 273 -1 -1 -1 0 
149 2 336 122 182 277 -1 -1 -1 0 
149 4 1454 120 124 235 -1 -1 -1 0 
150 1 830 85 279 269 -1 -1 -1 0 
150 2 345 124 171 266 -1 -1 -1 0 
150 4 1454 120 125 233 -1 -1 -1 0 
151 1 830 89 280 265 -1 -1 -1 0 
151 2 336 125 184 262 -1 -1 -1 0 
151 4 1454 119 126 232 -1 -1 -1 0 
152 1 833 86 272 269 -1 -1 -1 0 
152 2 333 126 185 260 -1 -1 -1 0 
152 4 1453 120 124 231 -1 -1 -1 0 
153 1 829 84 276 272 -1 -1 -1 0 
153 2 332 126 183 265 -1 -1 -1 0 
153 4 1451 119 126 231 -1 -1 -1 0 
154 1 826 84 281 273 -1 -1 -1 0 
154 2 331 126 184 268 -1 -1 -1 0 
154 4 1448 119 131 231 -1 -1 -1 0 
155 1 827 85 280 272 -1 -1 -1 0 
155 2 331 126 184 268 -1 -1 -1 0 
155 4 1446 119 134 231 -1 -1 -1 0 
156 1 828 85 278 272 -1 -1 -1 0 
156 2 329 128 187 269 -1 -1 -1 0 
156 4 1446 118 132 234 -1 -1 -1 0 
157 1 828 84 276 273 -1 -1 -1 0 
157 2 325 128 193 269 -1 -1 -1 0 
157 4 1447 118 128 234 -1 -1 -1 0 
158 1 828 84 277 272 -1 -1 -1 0 
158 2 329 127 189 265 -1 -1 -1 0 
158 4 1447 119 126 234 -1 -1 -1 0 
159 1 828 84 277 271 -1 -1 -1 0 
159 2 329 127 190 263 -1 -1 -1 0 
159 4 1447 120 125 234 -1 -1 -1 0 
160 1 826 83 277 273 -1 -1 -1 0 
160 2 327 128 191 261 -1 -1 -1 0 
160 4 1447 121 127 233 -1 -1 -1 0 
161 1 824 84 280 272 -1 -1 -1 0 
161 2 326 129 193 262 -1 -1 -1 0 
161 4 1447 122 130 232 -1 -1 -1 0 
162 1 823 85 281 269 -1 -1 -1 0 
162 2 325 129 194 267 -1 -1 -1 0 
162 4 1448 122 130 231 -1 -1 -1 0 
163 1 822 83 280 270 -1 -1 -1 0 
163 2 332 128 187 261 -1 -1 -1 0 
163 4 1449 122 130 230 -1 -1 -1 0 
164 1 820 83 281 269 -1 -1 -1 0 
164 2 333 128 186 261 -1 -1 -1 0 
164 4 1450 122 131 230 -1 -1 -1 0 
165 1 819 83 281 268 -1 -1 -1 0 
165 2 318 129 207 263 -1 -1 -1 0 
165 4 1451 122 130 232 -1 -1 -1 0 
166 1 819 81 279 270 -1 -1 -1 0 
166 2 317 129 207 269 -1 -1 -1 0 
166 4 1452 122 132 233 -1 -1 -1 0 
167 1 819 82 280 268 -1 -1 -1 0 
167 2 312 129 212 277 -1 -1 -1 0 
167 4 1451 122 134 233 -1 -1 -1 0 
168 1 819 82 279 267 -1 -1 -1 0 
168 2 307 130 218 282 -1 -1 -1 0 
168 4 1450 122 138 234 -1 -1 -1 0 
169 1 816 79 282 270 -1 -1 -1 0 
169 2 303 130 223 284 -1 -1 -1 0 
169 4 1452 122 135 234 -1 -1 -1 0 
170 1 815 79 283 270 -1 -1 -1 0 
170 2 307 130 218 283 -1 -1 -1 0 
170 4 1451 122 138 234 -1 -1 -1 0 
171 1 815 79 282 269 -1 -1 -1 0 
171 2 307 130 219 281 -1 -1 -1 0 
171 4 1450 123 143 234 -1 -1 -1 0 
172 1 817 79 277 268 -1 -1 -1 0 
172 2 304 130 222 279 -1 -1 -1 0 
172 4 1451 123 142 232 -1 -1 -1 0 
173 1 816 78 278 271 -1 -1 -1 0 
173 2 303 130 224 280 -1 -1 -1 0 
173 4 1451 125 144 230 -1 -1 -1 0 
174 1 814 80 283 270 -1 -1 -1 0 
174 2 304 132 223 277 -1 -1 -1 0 
174 4 1452 125 143 230 -1 -1 -1 0 
175 1 814 80 281 271 -1 -1 -1 0 
175 2 304 133 225 272 -1 -1 -1 0 
175 4 1451 123 148 232 -1 -1 -1 0 
176 1 812 79 283 274 -1 -1 -1 0 
176 2 306 134 223 269 -1 -1 -1 0 
176 4 1452 123 147 233 -1 -1 -1 0 
177 1 811 81 287 271 -1 -1 -1 0 
177 2 307 135 221 268 -1 -1 -1 0 
177 4 1454 121 150 237 -1 -1 -1 0 
178 1 810 81 284 271 -1 -1 -1 0 
178 2 305 135 224 270 -1 -1 -1 0 
178 4 1454 121 153 237 -1 -1 -1 0 
179 1 809 80 285 273 -1 -1 -1 0 
179 2 303 136 226 271 -1 -1 -1 0 
179 4 1454 121 152 237 -1 -1 -1 0 
180 1 809 80 286 274 -1 -1 -1 0 
180 2 305 136 224 273 -1 -1 -1 0 
180 4 1455 121 149 237 -1 -1 -1 0 
181 1 810 80 284 276 -1 -1 -1 0 
181 2 310 137 218 270 -1 -1 -1 0 
181 4 1455 121 148 237 -1 -1 -1 0 
182 1 809 82 285 275 -1 -1 -1 0 
182 2 318 137 208 268 -1 -1 -1 0 
182 4 1455 121 149 237 -1 -1 -1 0 
183 1 811 82 281 277 -1 -1 -1 0 
183 2 320 137 209 262 -1 -1 -1 0 
183 4 1454 121 153 237 -1 -1 -1 0 
184 1 808 82 286 277 -1 -1 -1 0 
184 2 324 138 205 257 -1 -1 -1 0 
184 4 1454 122 155 236 -1 -1 -1 0 
185 1 809 83 284 277 -1 -1 -1 0 
185 2 322 138 207 257 -1 -1 -1 0 
185 4 1455 121 153 238 -1 -1 -1 0 
186 1 810 83 283 276 -1 -1 -1 0 
186 2 324 139 205 253 -1 -1 -1 0 
186 4 1456 121 147 236 -1 -1 -1 0 
187 1 811 83 281 275 -1 -1 -1 0 
187 2 327 139 202 248 -1 -1 -1 0 
187 4 1456 120 147 236 -1 -1 -1 0 
188 1 812 83 278 276 -1 -1 -1 0 
188 2 329 139 199 249 -1 -1 -1 0 
188 4 1455 119 145 235 -1 -1 -1 0 
189 1 810 82 281 277 -1 -1 -1 0 
189 2 330 140 199 248 -1 -1 -1 0 
189 4 1456 118 142 236 -1 -1 -1 0 
190 1 809 82 284 278 -1 -1 -1 0 
190 2 332 139 197 250 -1 -1 -1 0 
190 4 1454 118 149 234 -1 -1 -1 0 
191 1 807 82 287 279 -1 -1 -1 0 
191 2 334 137 194 254 -1 -1 -1 0 
191 4 1456 117 143 232 -1 -1 -1 0 
192 1 808 82 287 279 -1 -1 -1 0 
192 2 340 137 188 255 -1 -1 -1 0 
192 4 1456 116 138 230 -1 -1 -1 0 
193 1 806 81 289 278 -1 -1 -1 0 
193 2 347 137 181 253 -1 -1 -1 0 
193 4 1454 115 134 229 -1 -1 -1 0 
194 1 808 81 286 278 -1 -1 -1 0 
194 2 347 138 182 249 -1 -1 -1 0 
194 4 1452 115 138 228 -1 -1 -1 0 
195 1 808 80 288 277 -1 -1 -1 0 
195 2 353 139 175 246 -1 -1 -1 0 
195 4 1454 114 132 228 -1 -1 -1 0 
196 1 807 80 290 276 -1 -1 -1 0 
196 2 346 139 184 245 -1 -1 -1 0 
196 4 1454 113 129 226 -1 -1 -1 0 
197 1 806 80 292 274 -1 -1 -1 0 
197 2 340 140 191 245 -1 -1 -1 0 
197 4 1452 112 130 226 -1 -1 -1 0 
198 1 807 79 291 274 -1 -1 -1 0 
198 2 345 139 184 247 -1 -1 -1 0 
198 4 1449 114 131 226 -1 -1 -1 0 
199 1 807 79 291 273 -1 -1 -1 0 
199 2 340 138 192 248 -1 -1 -1 0 
199 4 1447 116 128 224 -1 -1 -1 0 
200 1 807 79 292 273 -1 -1 -1 0 
200 2 336 138 196 249 -1 -1 -1 0 
200 4 1446 115 123 224 -1 -1 -1 0 
201 1 807 79 291 273 -1 -1 -1 0 
201 2 340 138 190 246 -1 -1 -1 0 
201 4 1440 116 128 221 -1 -1 -1 0 
202 1 808 79 290 272 -1 -1 -1 0 
202 2 343 137 187 248 -1 -1 -1 0 
202 4 1437 116 124 221 -1 -1 -1 0 
203 1 808 80 290 271 -1 -1 -1 0 
203 2 349 137 180 247 -1 -1 -1 0 
203 4 1434 116 125 218 -1 -1 -1 0 
204 1 809 80 288 270 -1 -1 -1 0 
204 2 343 137 189 247 -1 -1 -1 0 
204 4 1434 118 120 217 -1 -1 -1 0 
205 1 808 80 288 272 -1 -1 -1 0 
205 2 344 137 185 250 -1 -1 -1 0 
205 4 1435 120 111 215 -1 -1 -1 0 
206 1 808 82 290 269 -1 -1 -1 0 
206 2 344 137 185 248 -1 -1 -1 0 
206 4 1431 119 115 212 -1 -1 -1 0 
207 1 809 84 288 268 -1 -1 -1 0 
207 2 349 137 177 247 -1 -1 -1 0 
207 4 1427 118 118 210 -1 -1 -1 0 
208 1 811 86 284 267 -1 -1 -1 0 
208 2 352 135 173 249 -1 -1 -1 0 
208 4 1431 118 110 216 -1 -1 -1 0 
209 1 812 86 282 268 -1 -1 -1 0 
209 2 350 134 176 248 -1 -1 -1 0 
209 4 1431 122 107 216 -1 -1 -1 0 
210 1 811 84 282 272 -1 -1 -1 0 
210 2 355 134 171 246 -1 -1 -1 0 
210 4 1432 125 101 215 -1 -1 -1 0 
211 1 809 85 284 273 -1 -1 -1 0 
211 2 362 133 163 244 -1 -1 -1 0 
211 4 1429 127 103 212 -1 -1 -1 0 
212 1 807 85 288 272 -1 -1 -1 0 
212 2 363 133 162 242 -1 -1 -1 0 
212 4 1429 129 99 207 -1 -1 -1 0 
213 1 807 83 287 273 -1 -1 -1 0 
213 2 360 132 166 243 -1 -1 -1 0 
213 4 1429 127 97 209 -1 -1 -1 0 
214 1 807 83 288 272 -1 -1 -1 0 
214 2 360 131 166 246 -1 -1 -1 0 
214 4 1428 128 95 208 -1 -1 -1 0 
215 1 807 84 286 271 -1 -1 -1 0 
215 2 355 131 172 250 -1 -1 -1 0 
215 4 1430 125 96 218 -1 -1 -1 0 
216 1 807 82 283 273 -1 -1 -1 0 
216 2 354 131 172 252 -1 -1 -1 0 
216 4 1429 125 95 219 -1 -1 -1 0 
217 1 806 81 283 273 -1 -1 -1 0 
217 2 352 129 174 254 -1 -1 -1 0 
218 1 806 81 283 273 -1 -1 -1 0 
218 2 351 130 174 253 -1 -1 -1 0 
219 1 806 82 283 272 -1 -1 -1 0 
219 2 349 131 176 254 -1 -1 -1 0 
220 1 807 82 281 271 -1 -1 -1 0 
220 2 350 132 175 251 -1 -1 -1 0 
221 1 808 82 278 271 -1 -1 -1 0 
221 2 349 131 176 252 -1 -1 -1 0 
221 4 1432 127 105 226 -1 -1 -1 0 
222 1 808 82 278 272 -1 -1 -1 0 
222 2 346 129 180 254 -1 -1 -1 0 
222 4 1434 130 102 225 -1 -1 -1 0 
223 1 808 82 278 272 -1 -1 -1 0 
223 2 338 128 188 262 -1 -1 -1 0 
223 4 1434 131 102 225 -1 -1 -1 0 
224 1 807 82 279 272 -1 -1 -1 0 
224 2 332 129 196 262 -1 -1 -1 0 
225 1 807 82 279 272 -1 -1 -1 0 
225 2 329 129 198 266 -1 -1 -1 0 
226 1 806 81 281 274 -1 -1 -1 0 
226 2 323 131 206 261 -1 -1 -1 0 
227 1 805 82 282 272 -1 -1 -1 0 
227 2 333 131 193 259 -1 -1 -1 0 
228 1 804 82 283 272 -1 -1 -1 0 
228 2 331 131 195 260 -1 -1 -1 0 
229 1 804 82 283 273 -1 -1 -1 0 
230 1 804 82 282 273 -1 -1 -1 0 
231 1 804 83 282 271 -1 -1 -1 0 
231 2 327 131 202 254 -1 -1 -1 0 
232 1 804 82 281 272 -1 -1 -1 0 
232 2 326 131 203 254 -1 -1 -1 0 
233 1 802 82 284 272 -1 -1 -1 0 
234 1 802 82 283 272 -1 -1 -1 0 
235 1 802 82 284 271 -1 -1 -1 0 
235 2 294 131 235 253 -1 -1 -1 0 
236 1 803 82 282 271 -1 -1 -1 0 
236 2 304 129 220 253 -1 -1 -1 0 
237 1 803 83 282 269 -1 -1 -1 0 
237 2 305 128 217 256 -1 -1 -1 0 
238 1 804 83 280 269 -1 -1 -1 0 
238 2 301 129 222 251 -1 -1 -1 0 
238 4 1466 118 123 238 -1 -1 -1 0 
239 1 804 84 280 269 -1 -1 -1 0 
239 2 300 130 223 248 -1 -1 -1 0 
239 4 1470 118 119 237 -1 -1 -1 0 
240 1 803 84 282 270 -1 -1 -1 0 
240 2 302 131 220 247 -1 -1 -1 0 
240 4 1471 118 121 237 -1 -1 -1 0 
241 1 804 84 281 270 -1 -1 -1 0 
241 2 303 131 217 250 -1 -1 -1 0 
242 1 806 84 279 270 -1 -1 -1 0 
242 2 303 132 217 248 -1 -1 -1 0 
242 4 1475 122 127 237 -1 -1 -1 0 
243 1 806 84 279 270 -1 -1 -1 0 
243 2 303 133 218 251 -1 -1 -1 0 
243 4 1477 123 128 236 -1 -1 -1 0 
244 1 806 85 279 270 -1 -1 -1 0 
244 2 302 133 219 249 -1 -1 -1 0 
244 4 1475 123 131 229 -1 -1 -1 0 
245 1 807 85 279 270 -1 -1 -1 0 
245 2 313 131 203 253 -1 -1 -1 0 
245 4 1475 124 132 225 -1 -1 -1 0 
246 1 809 86 277 267 -1 -1 -1 0 
246 2 305 135 214 251 -1 -1 -1 0 
246 4 1477 124 132 225 -1 -1 -1 0 
247 1 808 86 278 267 -1 -1 -1 0 
247 2 295 140 226 249 -1 -1 -1 0 
247 4 1476 125 131 223 -1 -1 -1 0 
248 1 809 88 278 265 -1 -1 -1 0 
248 2 297 142 220 250 -1 -1 -1 0 
248 4 1473 125 138 223 -1 -1 -1 0 
249 1 808 89 280 263 -1 -1 -1 0 
249 2 301 142 216 247 -1 -1 -1 0 
249 4 1474 125 137 224 -1 -1 -1 0 
250 1 808 90 280 261 -1 -1 -1 0 
250 2 299 144 220 244 -1 -1 -1 0 
250 4 1474 125 137 225 -1 -1 -1 0 
251 1 810 90 277 261 -1 -1 -1 0 
251 2 296 145 222 243 -1 -1 -1 0 
251 4 1474 124 136 228 -1 -1 -1 0 
252 1 810 92 277 260 -1 -1 -1 0 
252 2 286 148 234 246 -1 -1 -1 0 
252 4 1475 124 133 226 -1 -1 -1 0 
253 1 811 94 277 258 -1 -1 -1 0 
253 2 283 150 237 248 -1 -1 -1 0 
253 4 1475 123 134 225 -1 -1 -1 0 
254 1 811 95 277 257 -1 -1 -1 0 
254 2 290 152 228 249 -1 -1 -1 0 
254 4 1474 123 135 226 -1 -1 -1 0 
255 1 811 95 277 258 -1 -1 -1 0 
255 2 284 153 237 251 -1 -1 -1 0 
255 4 1475 123 135 226 -1 -1 -1 0 
256 1 811 95 277 259 -1 -1 -1 0 
256 2 272 155 253 253 -1 -1 -1 0 
257 1 811 95 275 260 -1 -1 -1 0 
257 2 270 158 256 252 -1 -1 -1 0 
258 1 810 96 277 259 -1 -1 -1 0 
258 2 264 162 265 246 -1 -1 -1 0 
259 1 807 95 281 261 -1 -1 -1 0 
259 2 257 163 273 246 -1 -1 -1 0 
259 4 1465 112 143 247 -1 -1 -1 0 
260 1 806 95 281 261 -1 -1 -1 0 
260 2 262 166 264 246 -1 -1 -1 0 
260 4 1467 108 142 256 -1 -1 -1 0 
261 1 806 93 278 262 -1 -1 -1 0 
261 2 256 165 270 251 -1 -1 -1 0 
261 4 1469 107 142 261 -1 -1 -1 0 
262 1 805 94 280 261 -1 -1 -1 0 
262 2 253 165 275 253 -1 -1 -1 0 
262 4 1472 106 146 266 -1 -1 -1 0 
263 1 804 94 280 264 -1 -1 -1 0 
263 2 256 166 271 251 -1 -1 -1 0 
263 4 1476 105 135 271 -1 -1 -1 0 
264 1 804 95 280 264 -1 -1 -1 0 
264 2 261 168 265 249 -1 -1 -1 0 
264 4 1477 108 128 268 -1 -1 -1 0 
265 1 801 96 284 263 -1 -1 -1 0 
265 2 260 170 266 248 -1 -1 -1 0 
265 4 1479 111 122 266 -1 -1 -1 0 
266 1 802 95 281 264 -1 -1 -1 0 
266 2 253 170 276 248 -1 -1 -1 0 
266 4 1478 113 133 265 -1 -1 -1 0 
267 1 803 95 279 263 -1 -1 -1 0 
267 2 248 169 280 248 -1 -1 -1 0 
267 4 1482 114 128 263 -1 -1 -1 0 
268 1 804 96 276 262 -1 -1 -1 0 
268 2 252 170 273 248 -1 -1 -1 0 
268 4 1477 116 144 263 -1 -1 -1 0 
269 1 803 97 276 261 -1 -1 -1 0 
269 2 254 171 269 250 -1 -1 -1 0 
269 4 1474 118 171 263 -1 -1 -1 0 
270 1 803 99 274 259 -1 -1 -1 0 
270 2 244 171 283 252 -1 -1 -1 0 
270 4 1478 120 179 260 -1 -1 -1 0 
271 1 803 100 273 258 -1 -1 -1 0 
271 2 242 172 282 254 -1 -1 -1 0 
271 4 1480 120 180 261 -1 -1 -1 0 
272 1 804 101 271 257 -1 -1 -1 0 
272 2 244 172 277 254 -1 -1 -1 0 
272 4 1487 122 169 256 -1 -1 -1 0 
273 1 802 100 275 260 -1 -1 -1 0 
273 2 244 173 277 252 -1 -1 -1 0 
273 4 1490 123 158 254 -1 -1 -1 0 
274 1 799 101 279 259 -1 -1 -1 0 
274 2 238 175 285 248 -1 -1 -1 0 
274 4 1492 124 160 253 -1 -1 -1 0 
275 1 800 102 276 258 -1 -1 -1 0 
275 2 238 174 281 250 -1 -1 -1 0 
275 4 1496 125 157 253 -1 -1 -1 0 
276 1 799 101 277 259 -1 -1 -1 0 
276 2 237 172 280 251 -1 -1 -1 0 
276 4 1499 125 151 255 -1 -1 -1 0 
277 1 799 101 278 259 -1 -1 -1 0 
277 2 241 172 270 250 -1 -1 -1 0 
277 4 1499 124 153 257 -1 -1 -1 0 
278 1 799 101 279 260 -1 -1 -1 0 
278 2 246 170 262 251 -1 -1 -1 0 
278 4 1499 123 156 257 -1 -1 -1 0 
279 1 801 101 276 261 -1 -1 -1 0 
279 2 246 171 261 247 -1 -1 -1 0 
279 4 1502 123 147 256 -1 -1 -1 0 
280 1 801 101 276 263 -1 -1 -1 0 
280 2 245 171 256 245 -1 -1 -1 0 
280 4 1502 124 142 254 -1 -1 -1 0 
281 1 800 100 276 268 -1 -1 -1 0 
281 2 244 170 250 245 -1 -1 -1 0 
281 4 1502 124 139 253 -1 -1 -1 0 
282 1 801 98 273 274 -1 -1 -1 0 
282 2 239 164 248 248 -1 -1 -1 0 
282 4 1502 125 141 254 -1 -1 -1 0 
283 1 801 96 273 278 -1 -1 -1 0 
283 2 233 157 249 249 -1 -1 -1 0 
283 4 1501 126 143 255 -1 -1 -1 0 
284 1 801 95 272 280 -1 -1 -1 0 
284 2 230 154 244 253 -1 -1 -1 0 
284 4 1504 127 134 255 -1 -1 -1 0 
285 1 803 96 267 281 -1 -1 -1 0 
285 2 228 153 244 247 -1 -1 -1 0 
285 4 1505 129 132 254 -1 -1 -1 0 
286 1 804 96 264 283 -1 -1 -1 0 
286 2 230 156 234 243 -1 -1 -1 0 
286 4 1505 129 133 252 -1 -1 -1 0 
287 1 805 96 264 287 -1 -1 -1 0 
287 2 224 153 231 248 -1 -1 -1 0 
287 4 1504 129 140 251 -1 -1 -1 0 
288 1 803 95 267 289 -1 -1 -1 0 
288 2 221 153 222 253 -1 -1 -1 0 
288 4 1506 129 145 251 -1 -1 -1 0 
289 1 800 95 271 288 -1 -1 -1 0 
289 2 220 150 221 254 -1 -1 -1 0 
289 4 1510 127 149 254 -1 -1 -1 0 
290 1 800 95 271 287 -1 -1 -1 0 
290 2 214 149 225 253 -1 -1 -1 0 
290 4 1516 125 148 255 -1 -1 -1 0 
291 1 799 93 270 288 -1 -1 -1 0 
291 2 206 149 232 246 -1 -1 -1 0 
291 4 1521 123 146 255 -1 -1 -1 0 
292 1 799 93 268 286 -1 -1 -1 0 
292 2 201 149 235 239 -1 -1 -1 0 
292 4 1522 122 150 253 -1 -1 -1 0 
293 1 798 94 268 283 -1 -1 -1 0 
293 2 197 146 237 240 -1 -1 -1 0 
293 4 1524 118 152 257 -1 -1 -1 0 
294 1 797 94 269 283 -1 -1 -1 0 
294 2 199 145 232 242 -1 -1 -1 0 
294 4 1530 116 143 259 -1 -1 -1 0 
295 1 798 93 266 283 -1 -1 -1 0 
295 2 201 145 226 242 -1 -1 -1 0 
295 4 1532 114 143 259 -1 -1 -1 0 
296 1 797 93 267 283 -1 -1 -1 0 
296 2 199 144 227 244 -1 -1 -1 0 
296 4 1532 113 150 258 -1 -1 -1 0 
297 1 796 93 269 282 -1 -1 -1 0 
297 2 195 144 232 244 -1 -1 -1 0 
297 4 1534 110 154 261 -1 -1 -1 0 
298 1 797 94 268 279 -1 -1 -1 0 
298 2 191 145 235 245 -1 -1 -1 0 
298 4 1539 109 149 261 -1 -1 -1 0 
299 1 797 94 269 281 -1 -1 -1 0 
299 2 196 146 229 243 -1 -1 -1 0 
299 4 1539 109 157 261 -1 -1 -1 0 
300 1 799 94 269 281 -1 -1 -1 0 
300 2 201 145 223 243 -1 -1 -1 0 
300 4 1540 110 162 260 -1 -1 -1 0 
301 1 801 92 268 284 -1 -1 -1 0 
301 2 213 144 210 241 -1 -1 -1 0 
301 4 1542 109 164 261 -1 -1 -1 0 
302 1 801 92 271 285 -1 -1 -1 0 
302 2 222 143 203 243 -1 -1 -1 0 
302 4 1542 110 170 261 -1 -1 -1 0 
303 1 803 91 270 286 -1 -1 -1 0 
303 2 217 144 215 243 -1 -1 -1 0 
303 4 1546 111 160 260 -1 -1 -1 0 
304 1 803 91 272 286 -1 -1 -1 0 
304 2 219 145 213 240 -1 -1 -1 0 
304 4 1548 112 155 259 -1 -1 -1 0 
305 1 804 92 272 284 -1 -1 -1 0 
305 2 233 144 195 240 -1 -1 -1 0 
305 4 1549 114 152 257 -1 -1 -1 0 
306 1 804 92 274 282 -1 -1 -1 0 
306 2 234 145 197 239 -1 -1 -1 0 
306 4 1552 114 146 257 -1 -1 -1 0 
307 1 806 91 272 281 -1 -1 -1 0 
307 2 238 147 192 237 -1 -1 -1 0 
307 4 1552 115 145 257 -1 -1 -1 0 
308 1 807 91 270 282 -1 -1 -1 0 
308 2 239 146 191 239 -1 -1 -1 0 
308 4 1553 116 144 256 -1 -1 -1 0 
309 1 806 91 271 283 -1 -1 -1 0 
309 2 245 146 183 238 -1 -1 -1 0 
309 4 1553 117 143 256 -1 -1 -1 0 
310 1 805 91 272 284 -1 -1 -1 0 
310 2 243 145 186 238 -1 -1 -1 0 
310 4 1551 117 150 256 -1 -1 -1 0 
311 1 805 90 271 286 -1 -1 -1 0 
311 2 230 146 204 238 -1 -1 -1 0 
311 4 1551 116 150 259 -1 -1 -1 0 
312 1 806 90 269 286 -1 -1 -1 0 
312 2 227 145 203 241 -1 -1 -1 0 
312 4 1551 115 154 263 -1 -1 -1 0 
313 1 806 91 267 286 -1 -1 -1 0 
313 2 222 146 209 241 -1 -1 -1 0 
313 4 1549 119 167 261 -1 -1 -1 0 
314 1 807 89 263 289 -1 -1 -1 0 
314 2 223 146 205 243 -1 -1 -1 0 
314 4 1551 115 160 266 -1 -1 -1 0 
315 1 806 89 264 290 -1 -1 -1 0 
315 2 221 146 208 244 -1 -1 -1 0 
315 4 1551 115 155 265 -1 -1 -1 0 
316 1 807 90 260 293 -1 -1 -1 0 
316 2 226 144 200 246 -1 -1 -1 0 
316 4 1550 116 154 264 -1 -1 -1 0 
317 1 810 92 254 297 -1 -1 -1 0 
317 2 227 145 199 243 -1 -1 -1 0 
317 4 1547 117 158 260 -1 -1 -1 0 
318 1 814 95 247 299 -1 -1 -1 0 
318 2 228 145 201 241 -1 -1 -1 0 
318 4 1548 119 155 256 -1 -1 -1 0 
319 1 815 94 246 303 -1 -1 -1 0 
319 2 247 141 176 243 -1 -1 -1 0 
319 4 1547 121 156 253 -1 -1 -1 0 
320 1 819 96 239 302 -1 -1 -1 0 
320 2 264 138 157 241 -1 -1 -1 0 
320 4 1546 124 159 250 -1 -1 -1 0 
321 1 821 99 236 302 -1 -1 -1 0 
321 2 261 135 165 247 -1 -1 -1 0 
321 4 1547 128 145 243 -1 -1 -1 0 
322 1 822 100 235 304 -1 -1 -1 0 
322 2 265 134 161 250 -1 -1 -1 0 
322 4 1543 133 143 237 -1 -1 -1 0 
323 1 820 100 240 304 -1 -1 -1 0 
323 2 254 134 176 253 -1 -1 -1 0 
323 4 1544 137 134 233 -1 -1 -1 0 
324 1 822 98 237 307 -1 -1 -1 0 
324 2 270 132 154 249 -1 -1 -1 0 
324 4 1541 145 140 226 -1 -1 -1 0 
325 1 823 95 235 310 -1 -1 -1 0 
325 2 255 134 178 250 -1 -1 -1 0 
325 4 1541 150 136 220 -1 -1 -1 0 
326 1 824 93 232 314 -1 -1 -1 0 
326 2 255 133 177 253 -1 -1 -1 0 
326 4 1541 153 134 218 -1 -1 -1 0 
327 1 823 95 237 313 -1 -1 -1 0 
327 2 253 127 181 262 -1 -1 -1 0 
327 4 1542 151 133 220 -1 -1 -1 0 
328 1 826 95 233 315 -1 -1 -1 0 
328 2 242 129 199 263 -1 -1 -1 0 
328 4 1540 147 135 224 -1 -1 -1 0 
329 1 827 99 237 310 -1 -1 -1 0 
329 2 241 132 203 260 -1 -1 -1 0 
329 4 1537 143 140 229 -1 -1 -1 0 
330 1 828 102 237 306 -1 -1 -1 0 
330 2 247 132 196 256 -1 -1 -1 0 
330 4 1541 142 138 232 -1 -1 -1 0 
331 1 832 101 233 306 -1 -1 -1 0 
331 2 251 132 197 250 -1 -1 -1 0 
331 4 1543 140 137 237 -1 -1 -1 0 
332 1 834 98 231 306 -1 -1 -1 0 
332 2 245 131 211 251 -1 -1 -1 0 
332 4 1540 136 143 241 -1 -1 -1 0 
333 1 835 96 232 304 -1 -1 -1 0 
333 2 243 132 216 250 -1 -1 -1 0 
333 4 1537 135 147 242 -1 -1 -1 0 
334 1 835 96 235 305 -1 -1 -1 0 
334 2 245 132 213 248 -1 -1 -1 0 
334 4 1533 133 154 236 -1 -1 -1 0 
335 1 837 98 233 302 -1 -1 -1 0 
335 2 248 131 207 246 -1 -1 -1 0 
335 4 1536 132 144 231 -1 -1 -1 0 
336 1 839 96 232 304 -1 -1 -1 0 
336 2 247 132 213 242 -1 -1 -1 0 
336 4 1533 131 143 227 -1 -1 -1 0 
337 1 843 95 236 304 -1 -1 -1 0 
337 2 243 132 220 241 -1 -1 -1 0 
337 4 1528 126 148 231 -1 -1 -1 0 
338 1 848 93 232 307 -1 -1 -1 0 
338 2 255 128 200 244 -1 -1 -1 0 
338 4 1525 125 147 232 -1 -1 -1 0 
339 1 848 92 235 302 -1 -1 -1 0 
339 2 255 127 201 245 -1 -1 -1 0 
339 4 1523 124 143 233 -1 -1 -1 0 
340 1 848 90 237 299 -1 -1 -1 0 
340 2 254 128 206 245 -1 -1 -1 0 
340 4 1522 123 137 235 -1 -1 -1 0 
341 1 851 92 231 292 -1 -1 -1 0 
341 2 255 128 205 244 -1 -1 -1 0 
341 4 1517 124 148 237 -1 -1 -1 0 
342 1 854 92 227 289 -1 -1 -1 0 
342 2 254 129 204 242 -1 -1 -1 0 
342 4 1515 121 152 241 -1 -1 -1 0 
343 1 853 91 231 291 -1 -1 -1 0 
343 2 255 127 201 245 -1 -1 -1 0 
343 4 1513 121 151 242 -1 -1 -1 0 
344 1 853 90 231 292 -1 -1 -1 0 
344 2 256 125 198 247 -1 -1 -1 0 
344 4 1506 119 157 244 -1 -1 -1 0 
345 1 853 89 232 293 -1 -1 -1 0 
345 2 253 124 200 249 -1 -1 -1 0 
345 4 1497 118 163 247 -1 -1 -1 0 
346 1 851 87 235 292 -1 -1 -1 0 
346 2 249 124 206 248 -1 -1 -1 0 
346 4 1494 119 157 245 -1 -1 -1 0 
347 1 852 86 232 293 -1 -1 -1 0 
347 2 251 123 203 249 -1 -1 -1 0 
347 4 1486 118 160 246 -1 -1 -1 0 
348 1 851 88 233 292 -1 -1 -1 0 
348 2 253 123 201 248 -1 -1 -1 0 
348 4 1484 117 148 245 -1 -1 -1 0 
349 1 851 87 231 293 -1 -1 -1 0 
349 2 254 124 200 245 -1 -1 -1 0 
349 4 1479 117 146 245 -1 -1 -1 0 
350 1 851 83 228 296 -1 -1 -1 0 
350 2 257 123 197 245 -1 -1 -1 0 
350 4 1477 117 144 242 -1 -1 -1 0 
351 1 849 81 229 295 -1 -1 -1 0 
351 2 257 124 198 247 -1 -1 -1 0 
351 4 1474 116 140 241 -1 -1 -1 0 
352 1 848 84 229 291 -1 -1 -1 0 
352 2 249 123 210 251 -1 -1 -1 0 
352 4 1467 115 149 241 -1 -1 -1 0 
353 1 847 84 229 287 -1 -1 -1 0 
353 2 242 123 219 251 -1 -1 -1 0 
353 4 1464 115 154 240 -1 -1 -1 0 
354 1 847 86 228 281 -1 -1 -1 0 
354 2 242 124 219 251 -1 -1 -1 0 
354 4 1463 114 147 244 -1 -1 -1 0 
355 1 846 90 230 278 -1 -1 -1 0 
355 2 234 125 232 250 -1 -1 -1 0 
355 4 1456 109 150 251 -1 -1 -1 0 
356 1 845 92 229 277 -1 -1 -1 0 
356 2 234 125 234 250 -1 -1 -1 0 
356 4 1447 106 158 254 -1 -1 -1 0 
357 1 844 94 227 275 -1 -1 -1 0 
357 2 230 124 242 249 -1 -1 -1 0 
357 4 1446 105 158 252 -1 -1 -1 0 
358 1 842 96 230 273 -1 -1 -1 0 
358 2 228 122 246 251 -1 -1 -1 0 
358 4 1443 108 162 249 -1 -1 -1 0 
359 1 839 96 234 272 -1 -1 -1 0 
359 2 229 124 246 249 -1 -1 -1 0 
359 4 1446 111 149 244 -1 -1 -1 0 
360 1 839 94 235 274 -1 -1 -1 0 
360 2 234 126 241 248 -1 -1 -1 0 
360 4 1448 114 139 236 -1 -1 -1 0 
361 1 838 94 233 279 -1 -1 -1 0 
361 2 233 124 244 249 -1 -1 -1 0 
361 4 1447 117 137 233 -1 -1 -1 0 
362 1 836 97 236 279 -1 -1 -1 0 
362 2 234 123 245 248 -1 -1 -1 0 
362 4 1447 118 131 230 -1 -1 -1 0 
363 1 834 99 237 277 -1 -1 -1 0 
363 2 240 120 239 249 -1 -1 -1 0 
363 4 1442 118 130 229 -1 -1 -1 0 
364 1 834 100 238 273 -1 -1 -1 0 
364 2 238 118 243 254 -1 -1 -1 0 
364 4 1439 118 132 228 -1 -1 -1 0 
365 1 836 98 236 274 -1 -1 -1 0 
365 2 239 117 241 260 -1 -1 -1 0 
365 4 1438 117 130 228 -1 -1 -1 0 
366 1 839 98 231 273 -1 -1 -1 0 
366 2 237 116 244 268 -1 -1 -1 0 
366 4 1438 115 125 226 -1 -1 -1 0 
367 1 838 99 231 272 -1 -1 -1 0 
367 2 233 118 250 273 -1 -1 -1 0 
367 4 1435 113 130 227 -1 -1 -1 0 
368 1 839 96 227 276 -1 -1 -1 0 
368 2 232 123 255 272 -1 -1 -1 0 
368 4 1432 115 134 227 -1 -1 -1 0 
369 1 836 97 230 273 -1 -1 -1 0 
369 2 234 125 254 272 -1 -1 -1 0 
369 4 1432 119 135 228 -1 -1 -1 0 
370 1 831 95 232 276 -1 -1 -1 0 
370 2 241 127 246 268 -1 -1 -1 0 
370 4 1433 118 133 229 -1 -1 -1 0 
371 1 827 92 236 279 -1 -1 -1 0 
371 2 244 127 243 273 -1 -1 -1 0 
371 4 1432 120 133 231 -1 -1 -1 0 
372 1 821 92 243 280 -1 -1 -1 0 
372 2 241 126 248 282 -1 -1 -1 0 
372 4 1430 121 134 234 -1 -1 -1 0 
373 1 820 92 244 282 -1 -1 -1 0 
373 2 242 129 248 285 -1 -1 -1 0 
373 4 1429 122 130 232 -1 -1 -1 0 
374 1 820 93 243 281 -1 -1 -1 0 
374 2 246 132 246 279 -1 -1 -1 0 
374 4 1427 123 131 229 -1 -1 -1 0 
375 1 820 95 243 279 -1 -1 -1 0 
375 2 247 133 249 272 -1 -1 -1 0 
375 4 1424 122 137 228 -1 -1 -1 0 
376 1 820 93 241 283 -1 -1 -1 0 
376 2 253 133 241 266 -1 -1 -1 0 
376 4 1423 124 140 228 -1 -1 -1 0 
377 1 820 95 242 284 -1 -1 -1 0 
377 2 280 134 208 255 -1 -1 -1 0 
377 4 1424 126 135 228 -1 -1 -1 0 
378 1 820 93 244 290 -1 -1 -1 0 
378 2 289 133 201 250 -1 -1 -1 0 
378 4 1425 128 132 226 -1 -1 -1 0 
379 1 815 94 258 291 -1 -1 -1 0 
379 2 294 133 197 250 -1 -1 -1 0 
379 4 1427 129 129 228 -1 -1 -1 0 
380 1 807 94 273 286 -1 -1 -1 0 
380 2 296 133 196 253 -1 -1 -1 0 
380 4 1427 129 122 227 -1 -1 -1 0 
381 1 807 96 274 279 -1 -1 -1 0 
381 2 303 132 189 252 -1 -1 -1 0 
381 4 1425 129 124 226 -1 -1 -1 0 
382 1 807 93 274 276 -1 -1 -1 0 
382 2 302 131 192 255 -1 -1 -1 0 
382 4 1425 130 121 224 -1 -1 -1 0 
383 1 807 89 275 279 -1 -1 -1 0 
383 2 299 129 198 259 -1 -1 -1 0 
383 4 1424 130 125 224 -1 -1 -1 0 
384 1 808 88 273 278 -1 -1 -1 0 
384 2 301 128 196 259 -1 -1 -1 0 
384 4 1426 130 123 222 -1 -1 -1 0 
385 1 809 87 271 280 -1 -1 -1 0 
385 2 310 128 186 259 -1 -1 -1 0 
385 4 1427 130 120 222 -1 -1 -1 0 
386 1 808 86 271 282 -1 -1 -1 0 
386 2 304 129 194 259 -1 -1 -1 0 
386 4 1425 130 124 222 -1 -1 -1 0 
387 1 809 87 272 283 -1 -1 -1 0 
387 2 302 131 197 258 -1 -1 -1 0 
387 4 1429 130 122 227 -1 -1 -1 0 
388 1 809 88 272 284 -1 -1 -1 0 
388 2 303 133 198 253 -1 -1 -1 0 
388 4 1431 130 126 230 -1 -1 -1 0 
389 1 809 87 271 287 -1 -1 -1 0 
389 2 308 134 193 252 -1 -1 -1 0 
389 4 1429 129 132 232 -1 -1 -1 0 
390 1 809 91 269 281 -1 -1 -1 0 
390 2 307 134 196 253 -1 -1 -1 0 
390 4 1430 129 128 231 -1 -1 -1 0 
391 1 809 93 271 277 -1 -1 -1 0 
391 2 302 136 203 252 -1 -1 -1 0 
391 4 1430 129 128 230 -1 -1 -1 0 
392 1 811 95 268 276 -1 -1 -1 0 
392 2 299 137 207 251 -1 -1 -1 0 
392 4 1432 129 122 230 -1 -1 -1 0 
393 1 813 95 264 277 -1 -1 -1 0 
393 2 301 137 204 251 -1 -1 -1 0 
393 4 1434 129 120 228 -1 -1 -1 0 
394 1 812 95 265 278 -1 -1 -1 0 
394 2 298 139 210 248 -1 -1 -1 0 
394 4 1435 129 119 228 -1 -1 -1 0 
395 1 811 92 266 281 -1 -1 -1 0 
395 2 295 140 215 249 -1 -1 -1 0 
395 4 1436 127 120 228 -1 -1 -1 0 
396 1 810 90 267 284 -1 -1 -1 0 
396 2 293 141 218 248 -1 -1 -1 0 
396 4 1438 126 119 228 -1 -1 -1 0 
397 1 810 90 268 283 -1 -1 -1 0 
397 2 294 142 216 245 -1 -1 -1 0 
397 4 1438 124 122 230 -1 -1 -1 0 
398 1 811 92 268 281 -1 -1 -1 0 
398 2 295 143 215 244 -1 -1 -1 0 
398 4 1438 122 126 232 -1 -1 -1 0 
399 1 812 95 264 279 -1 -1 -1 0 
399 2 294 144 216 244 -1 -1 -1 0 
399 4 1437 121 131 233 -1 -1 -1 0 
400 1 812 94 262 281 -1 -1 -1 0 
400 2 293 145 216 243 -1 -1 -1 0 
400 4 1438 119 130 233 -1 -1 -1 0 
401 1 810 92 264 283 -1 -1 -1 0 
401 2 296 145 212 245 -1 -1 -1 0 
401 4 1439 116 131 232 -1 -1 -1 0 
402 1 809 93 266 285 -1 -1 -1 0 
402 2 296 145 213 245 -1 -1 -1 0 
402 4 1440 117 129 234 -1 -1 -1 0 
403 1 807 94 268 283 -1 -1 -1 0 
403 2 292 145 217 249 -1 -1 -1 0 
403 4 1440 118 132 240 -1 -1 -1 0 
404 1 805 95 270 281 -1 -1 -1 0 
404 2 291 144 217 255 -1 -1 -1 0 
404 4 1440 122 136 242 -1 -1 -1 0 
405 1 806 97 269 281 -1 -1 -1 0 
405 2 289 142 219 261 -1 -1 -1 0 
405 4 1438 127 141 243 -1 -1 -1 0 
406 1 806 101 269 279 -1 -1 -1 0 
406 2 288 142 220 262 -1 -1 -1 0 
406 4 1440 131 142 244 -1 -1 -1 0 
407 1 809 101 265 281 -1 -1 -1 0 
407 2 291 141 215 262 -1 -1 -1 0 
407 4 1441 135 142 244 -1 -1 -1 0 
408 1 810 105 262 277 -1 -1 -1 0 
408 2 291 141 215 262 -1 -1 -1 0 
408 4 1443 140 139 242 -1 -1 -1 0 
409 1 809 107 262 276 -1 -1 -1 0 
409 2 288 143 218 260 -1 -1 -1 0 
409 4 1443 145 140 240 -1 -1 -1 0 
410 1 808 104 260 280 -1 -1 -1 0 
410 2 293 143 211 257 -1 -1 -1 0 
410 4 1447 150 137 241 -1 -1 -1 0 
411 1 802 105 268 281 -1 -1 -1 0 
411 2 293 144 211 255 -1 -1 -1 0 
411 4 1447 152 137 243 -1 -1 -1 0 
412 1 801 103 267 286 -1 -1 -1 0 
412 2 295 144 209 251 -1 -1 -1 0 
412 4 1447 155 139 244 -1 -1 -1 0 
413 1 797 105 271 283 -1 -1 -1 0 
413 2 292 144 214 250 -1 -1 -1 0 
413 4 1447 155 142 245 -1 -1 -1 0 
414 1 794 103 271 286 -1 -1 -1 0 
414 2 291 144 215 248 -1 -1 -1 0 
414 4 1449 154 142 245 -1 -1 -1 0 
415 1 789 105 276 284 -1 -1 -1 0 
415 2 298 144 205 247 -1 -1 -1 0 
415 4 1452 154 145 245 -1 -1 -1 0 
416 1 785 105 281 281 -1 -1 -1 0 
416 2 305 143 193 248 -1 -1 -1 0 
416 4 1455 152 144 245 -1 -1 -1 0 
417 1 787 108 276 282 -1 -1 -1 0 
417 2 306 141 192 250 -1 -1 -1 0 
417 4 1457 154 145 241 -1 -1 -1 0 
418 1 786 106 277 284 -1 -1 -1 0 
418 2 311 140 185 249 -1 -1 -1 0 
418 4 1460 151 145 239 -1 -1 -1 0 
419 1 787 104 275 284 -1 -1 -1 0 
419 2 312 140 183 249 -1 -1 -1 0 
419 4 1460 145 151 242 -1 -1 -1 0 
420 1 787 104 276 288 -1 -1 -1 0 
420 2 307 139 191 250 -1 -1 -1 0 
420 4 1459 141 155 245 -1 -1 -1 0 
421 1 788 105 275 289 -1 -1 -1 0 
421 2 311 140 185 246 -1 -1 -1 0 
421 4 1459 139 159 247 -1 -1 -1 0 
422 1 784 105 282 286 -1 -1 -1 0 
422 2 306 142 192 243 -1 -1 -1 0 
422 4 1463 138 159 249 -1 -1 -1 0 
423 1 784 109 282 279 -1 -1 -1 0 
423 2 308 144 187 241 -1 -1 -1 0 
423 4 1466 137 157 250 -1 -1 -1 0 
424 1 784 111 281 277 -1 -1 -1 0 
424 2 306 146 190 239 -1 -1 -1 0 
424 4 1466 136 159 252 -1 -1 -1 0 
425 1 785 110 279 276 -1 -1 -1 0 
425 2 306 147 189 239 -1 -1 -1 0 
425 4 1465 137 162 252 -1 -1 -1 0 
426 1 786 107 277 281 -1 -1 -1 0 
426 2 314 147 178 241 -1 -1 -1 0 
426 4 1468 140 158 251 -1 -1 -1 0 
427 1 786 108 278 282 -1 -1 -1 0 
427 2 310 149 186 238 -1 -1 -1 0 
427 4 1467 142 159 252 -1 -1 -1 0 
428 1 786 108 278 284 -1 -1 -1 0 
428 2 312 152 183 233 -1 -1 -1 0 
428 4 1462 146 164 252 -1 -1 -1 0 
429 1 788 105 275 291 -1 -1 -1 0 
429 2 312 152 183 233 -1 -1 -1 0 
429 4 1460 151 168 250 -1 -1 -1 0 
430 1 784 106 282 287 -1 -1 -1 0 
430 2 303 153 192 236 -1 -1 -1 0 
430 4 1460 154 165 249 -1 -1 -1 0 
431 1 787 103 278 286 -1 -1 -1 0 
431 2 302 153 190 236 -1 -1 -1 0 
431 4 1461 156 165 249 -1 -1 -1 0 
432 1 785 104 285 284 -1 -1 -1 0 
432 2 300 153 191 235 -1 -1 -1 0 
432 4 1460 157 168 250 -1 -1 -1 0 
433 1 790 106 278 282 -1 -1 -1 0 
433 2 293 155 198 235 -1 -1 -1 0 
433 4 1462 158 164 248 -1 -1 -1 0 
434 1 791 108 278 279 -1 -1 -1 0 
434 2 293 156 195 236 -1 -1 -1 0 
434 4 1464 159 161 247 -1 -1 -1 0 
435 1 788 108 288 275 -1 -1 -1 0 
435 2 294 156 193 231 -1 -1 -1 0 
435 4 1464 158 160 248 -1 -1 -1 0 
436 1 791 107 285 276 -1 -1 -1 0 
436 2 288 156 201 233 -1 -1 -1 0 
436 4 1464 159 160 247 -1 -1 -1 0 
437 1 792 106 286 276 -1 -1 -1 0 
437 2 288 155 198 237 -1 -1 -1 0 
437 4 1465 158 157 247 -1 -1 -1 0 
438 1 794 107 285 274 -1 -1 -1 0 
438 2 291 153 192 236 -1 -1 -1 0 
438 4 1465 157 159 246 -1 -1 -1 0 
439 1 795 106 285 269 -1 -1 -1 0 
439 2 291 151 189 242 -1 -1 -1 0 
439 4 1467 155 156 245 -1 -1 -1 0 
440 1 798 102 281 272 -1 -1 -1 0 
440 2 277 150 208 247 -1 -1 -1 0 
440 4 1470 152 153 244 -1 -1 -1 0 
441 1 797 100 286 271 -1 -1 -1 0 
441 2 271 150 213 249 -1 -1 -1 0 
441 4 1473 150 150 242 -1 -1 -1 0 
442 1 803 97 279 275 -1 -1 -1 0 
442 2 266 151 219 247 -1 -1 -1 0 
442 4 1473 144 149 245 -1 -1 -1 0 
443 1 806 98 274 279 -1 -1 -1 0 
443 2 261 151 224 246 -1 -1 -1 0 
443 4 1475 141 147 245 -1 -1 -1 0 
444 1 807 97 269 283 -1 -1 -1 0 
444 2 259 151 226 245 -1 -1 -1 0 
444 4 1475 140 147 245 -1 -1 -1 0 
445 1 807 96 264 288 -1 -1 -1 0 
445 2 250 150 235 246 -1 -1 -1 0 
445 4 1475 140 147 245 -1 -1 -1 0 
446 1 804 98 265 290 -1 -1 -1 0 
446 2 239 148 247 249 -1 -1 -1 0 
446 4 1474 139 149 245 -1 -1 -1 0 
447 1 808 98 256 295 -1 -1 -1 0 
447 2 240 147 243 251 -1 -1 -1 0 
447 4 1471 140 154 245 -1 -1 -1 0 
448 1 807 97 262 294 -1 -1 -1 0 
448 2 240 147 242 252 -1 -1 -1 0 
448 4 1470 141 152 245 -1 -1 -1 0 
449 1 816 97 253 299 -1 -1 -1 0 
449 2 238 146 243 255 -1 -1 -1 0 
449 4 1469 144 153 243 -1 -1 -1 0 
450 1 819 100 252 294 -1 -1 -1 0 
450 2 240 145 240 255 -1 -1 -1 0 
450 4 1468 150 153 243 -1 -1 -1 0 
451 1 820 102 252 290 -1 -1 -1 0 
451 2 245 140 231 260 -1 -1 -1 0 
451 4 1465 154 154 242 -1 -1 -1 0 
452 1 817 106 256 283 -1 -1 -1 0 
452 2 243 140 234 258 -1 -1 -1 0 
452 4 1462 159 156 240 -1 -1 -1 0 
453 1 815 109 256 281 -1 -1 -1 0 
453 2 241 143 240 253 -1 -1 -1 0 
453 4 1460 162 156 240 -1 -1 -1 0 
454 1 813 111 259 278 -1 -1 -1 0 
454 2 247 141 228 257 -1 -1 -1 0 
454 4 1459 163 154 240 -1 -1 -1 0 
455 1 811 113 260 276 -1 -1 -1 0 
455 2 242 143 237 261 -1 -1 -1 0 
455 4 1460 165 150 240 -1 -1 -1 0 
456 1 810 110 263 280 -1 -1 -1 0 
456 2 241 144 239 264 -1 -1 -1 0 
456 4 1462 166 147 236 -1 -1 -1 0 
457 1 810 107 263 285 -1 -1 -1 0 
457 2 242 144 238 269 -1 -1 -1 0 
457 4 1465 165 138 232 -1 -1 -1 0 
458 1 812 106 261 286 -1 -1 -1 0 
458 2 237 147 244 271 -1 -1 -1 0 
458 4 1464 163 139 229 -1 -1 -1 0 
459 1 811 104 263 287 -1 -1 -1 0 
459 2 237 149 244 275 -1 -1 -1 0 
459 4 1466 159 139 231 -1 -1 -1 0 
460 1 812 104 262 283 -1 -1 -1 0 
460 2 235 149 246 277 -1 -1 -1 0 
460 4 1468 155 135 236 -1 -1 -1 0 
461 1 811 101 265 288 -1 -1 -1 0 
461 4 1467 148 138 236 -1 -1 -1 0 
462 1 809 103 266 284 -1 -1 -1 0 
462 2 255 143 221 277 -1 -1 -1 0 
462 4 1468 140 141 233 -1 -1 -1 0 
463 1 810 103 263 287 -1 -1 -1 0 
463 2 255 143 221 278 -1 -1 -1 0 
463 4 1469 135 143 232 -1 -1 -1 0 
464 1 806 98 268 296 -1 -1 -1 0 
464 2 252 144 227 272 -1 -1 -1 0 
464 4 1469 130 148 239 -1 -1 -1 0 
465 1 803 96 272 301 -1 -1 -1 0 
465 2 252 144 228 273 -1 -1 -1 0 
465 4 1468 129 149 244 -1 -1 -1 0 
466 1 800 94 275 304 -1 -1 -1 0 
466 4 1469 129 149 246 -1 -1 -1 0 
467 1 798 91 276 303 -1 -1 -1 0 
467 4 1470 128 147 248 -1 -1 -1 0 
468 1 798 89 273 302 -1 -1 -1 0 
468 4 1470 132 146 247 -1 -1 -1 0 
469 1 796 90 276 298 -1 -1 -1 0 
469 4 1470 134 142 248 -1 -1 -1 0 
470 1 795 92 278 294 -1 -1 -1 0 
470 2 251 150 226 267 -1 -1 -1 0 
470 4 1466 139 145 243 -1 -1 -1 0 
471 1 796 93 277 292 -1 -1 -1 0 
471 2 251 150 226 267 -1 -1 -1 0 
471 4 1467 143 141 245 -1 -1 -1 0 
472 1 795 94 280 288 -1 -1 -1 0 
472 4 1464 143 145 249 -1 -1 -1 0 
473 1 798 93 277 289 -1 -1 -1 0 
473 4 1465 140 141 253 -1 -1 -1 0 
474 1 800 91 276 292 -1 -1 -1 0 
474 2 263 145 212 271 -1 -1 -1 0 
474 4 1463 140 144 252 -1 -1 -1 0 
475 1 802 88 275 296 -1 -1 -1 0 
475 2 267 144 207 269 -1 -1 -1 0 
475 4 1465 139 137 252 -1 -1 -1 0 
476 1 802 88 277 298 -1 -1 -1 0 
476 2 271 143 204 265 -1 -1 -1 0 
476 4 1462 137 141 251 -1 -1 -1 0 
477 1 805 86 273 302 -1 -1 -1 0 
477 2 273 143 202 263 -1 -1 -1 0 
477 4 1460 137 142 245 -1 -1 -1 0 
478 1 808 85 269 305 -1 -1 -1 0 
478 2 274 143 200 261 -1 -1 -1 0 
478 4 1460 136 141 242 -1 -1 -1 0 
479 1 809 86 270 304 -1 -1 -1 0 
479 2 269 143 207 261 -1 -1 -1 0 
479 4 1460 135 142 239 -1 -1 -1 0 
480 1 813 85 268 305 -1 -1 -1 0 
480 2 265 145 212 260 -1 -1 -1 0 
480 4 1462 132 137 239 -1 -1 -1 0 
481 1 813 87 273 304 -1 -1 -1 0 
481 2 267 145 208 264 -1 -1 -1 0 
481 4 1461 135 137 236 -1 -1 -1 0 
482 1 817 85 270 304 -1 -1 -1 0 
482 2 273 143 200 267 -1 -1 -1 0 
482 4 1462 136 133 238 -1 -1 -1 0 
483 1 818 87 271 302 -1 -1 -1 0 
483 2 272 143 203 269 -1 -1 -1 0 
483 4 1461 134 136 241 -1 -1 -1 0 
484 1 818 92 271 296 -1 -1 -1 0 
484 2 277 144 199 266 -1 -1 -1 0 
484 4 1460 132 138 244 -1 -1 -1 0 
485 1 819 93 272 294 -1 -1 -1 0 
485 2 276 144 201 263 -1 -1 -1 0 
485 4 1461 130 135 245 -1 -1 -1 0 
486 1 819 96 272 291 -1 -1 -1 0 
486 2 275 145 203 262 -1 -1 -1 0 
486 4 1462 131 131 243 -1 -1 -1 0 
487 1 819 97 275 288 -1 -1 -1 0 
487 2 264 147 218 260 -1 -1 -1 0 
487 4 1462 132 130 242 -1 -1 -1 0 
488 1 818 98 277 289 -1 -1 -1 0 
488 2 257 146 225 264 -1 -1 -1 0 
488 4 1462 132 130 243 -1 -1 -1 0 
489 1 818 98 277 291 -1 -1 -1 0 
489 2 251 148 232 263 -1 -1 -1 0 
489 4 1462 130 130 248 -1 -1 -1 0 
490 1 818 100 278 289 -1 -1 -1 0 
490 2 245 148 238 264 -1 -1 -1 0 
490 4 1461 135 130 243 -1 -1 -1 0 
491 1 817 103 277 284 -1 -1 -1 0 
491 2 249 146 230 266 -1 -1 -1 0 
491 4 1460 138 133 240 -1 -1 -1 0 
492 1 818 106 272 279 -1 -1 -1 0 
492 2 258 145 219 264 -1 -1 -1 0 
492 4 1460 137 133 241 -1 -1 -1 0 
493 1 818 106 271 275 -1 -1 -1 0 
493 2 261 143 216 264 -1 -1 -1 0 
493 4 1456 135 144 241 -1 -1 -1 0 
494 1 817 107 269 273 -1 -1 -1 0 
494 2 259 143 220 259 -1 -1 -1 0 
494 4 1452 131 156 245 -1 -1 -1 0 
495 1 816 108 268 273 -1 -1 -1 0 
495 2 264 143 213 256 -1 -1 -1 0 
495 4 1452 130 158 247 -1 -1 -1 0 
496 1 817 107 263 273 -1 -1 -1 0 
496 2 267 143 209 254 -1 -1 -1 0 
496 4 1451 129 161 250 -1 -1 -1 0 
497 1 817 103 265 276 -1 -1 -1 0 
497 2 265 143 214 253 -1 -1 -1 0 
497 4 1451 128 161 252 -1 -1 -1 0 
498 1 818 103 263 276 -1 -1 -1 0 
498 2 265 143 213 254 -1 -1 -1 0 
498 4 1450 130 162 249 -1 -1 -1 0 
499 1 818 106 263 273 -1 -1 -1 0 
499 2 266 143 213 253 -1 -1 -1 0 
499 4 1450 129 166 253 -1 -1 -1 0 
500 1 821 103 258 279 -1 -1 -1 0 
500 2 261 142 220 257 -1 -1 -1 0 
500 4 1453 129 161 255 -1 -1 -1 0 
501 1 823 102 255 281 -1 -1 -1 0 
501 2 254 143 229 257 -1 -1 -1 0 
501 4 1451 130 166 254 -1 -1 -1 0 
502 1 821 102 260 280 -1 -1 -1 0 
502 2 251 145 232 257 -1 -1 -1 0 
502 4 1452 130 163 253 -1 -1 -1 0 
503 1 824 100 256 282 -1 -1 -1 0 
503 2 253 145 229 259 -1 -1 -1 0 
503 4 1449 130 179 255 -1 -1 -1 0 
504 1 825 97 256 285 -1 -1 -1 0 
504 2 252 144 230 262 -1 -1 -1 0 
504 4 1453 131 168 253 -1 -1 -1 0 
505 1 826 98 257 283 -1 -1 -1 0 
505 2 250 144 234 263 -1 -1 -1 0 
505 4 1453 131 178 255 -1 -1 -1 0 
506 1 828 98 256 281 -1 -1 -1 0 
506 2 249 144 235 264 -1 -1 -1 0 
506 4 1457 131 169 254 -1 -1 -1 0 
507 1 828 96 260 278 -1 -1 -1 0 
507 2 246 143 239 264 -1 -1 -1 0 
507 4 1457 129 169 257 -1 -1 -1 0 
508 1 832 95 256 277 -1 -1 -1 0 
508 2 244 143 241 263 -1 -1 -1 0 
508 4 1454 128 176 257 -1 -1 -1 0 
509 1 833 96 255 274 -1 -1 -1 0 
509 2 241 143 245 261 -1 -1 -1 0 
509 4 1461 128 160 255 -1 -1 -1 0 
510 1 835 96 255 272 -1 -1 -1 0 
510 2 241 143 245 260 -1 -1 -1 0 
510 4 1461 126 163 255 -1 -1 -1 0 
511 1 838 96 250 272 -1 -1 -1 0 
511 2 244 143 241 258 -1 -1 -1 0 
511 4 1460 126 168 252 -1 -1 -1 0 
512 1 842 94 245 273 -1 -1 -1 0 
512 2 248 143 236 257 -1 -1 -1 0 
512 4 1462 125 165 253 -1 -1 -1 0 
513 1 840 93 249 270 -1 -1 -1 0 
513 2 249 144 235 253 -1 -1 -1 0 
513 4 1463 124 162 254 -1 -1 -1 0 
514 1 842 95 247 267 -1 -1 -1 0 
514 2 247 144 237 253 -1 -1 -1 0 
514 4 1462 124 164 254 -1 -1 -1 0 
